243	420	244	421
427	428	517	518	429
508	509	791	635
705	706	717
547	548	621
315	316	317	540
241	245	335	242	422	336
5	208	6	7	8	209	507
171	365	457	546	650	697	776	782	785	172
648	685	649	686
11	318	529	319	643	320	12	13	790	14	321	644	751
302	303	304
55	90	56	57	58	580	600	601	602	59	664	606	603	604	792	607	605	60	665	666	91	61	92	93	793	794	62
175	262	298	380	442	445	263	299	530	264	531	544	614	176	300	265	381	472	636	655	541	177	624	473	474	301	637	638	542	749	683	543	178	684	656
226	227	416
432	433	570
239	305	306	371	311	728	240	372	312
713	714	764
101	755	102	103	104	789
71	313	448	314	72	766
139	155	140	741	156	141
468	469	574	575	470	471
449	523	450
451	796	452
388	639	389	795	640
438	625	641	680	730	731	765	767	779	781	787	439
24	69	143	228	259	144	461	229	145	462	25	463	26	230	231	232	757	464	762	27	260	465	763	261	466	467	70
652	653	654
215	590	216	692	591	592	593
63	279	64	65	66	331
382	383	384	385
661	754	662	663
233	236	234	235
322	323	324	325	326	327	328	329
404	410	411
109	110	111	112
152	153	154
105	386	106	387	729	715	107	108
98	581	582	583	99	100
256	430	257	733	734	258
725	726	727
446	545	447
210	211	732	212	213	214
414	504	415	505
533	534	535	536	537	538	539
94	506	95	96
132	195	307	337	133	375	404	413	417	475	476	376	477	479	338	196	405	480	573	339	481	562	406	482	483	501	407	408	563	478	484	409	502	308	485	377	309	503	756	412	340	486	134
554	568	555	556	557	558	689	559	569	724
0	246	247	248	434	1	249	250	2	658	3	251	252	253	4
347	348	349	350	351	352	707
217	330	500	218
362	363	711	364	712
626	698	627	628	629
737	738	768
721	722	723
332	333	334
355	356	549	551	357	358	550	359	633	552	360	645	361	646	778	553	634
184	185	186
67	189	68	659	660	716	190
282	283	287	292	288	285	286	294	674	293	289	290	284	291
118	310	119	120	121	759	122	123
191	192	783	532
28	29	30	31	124
86	440	87	88	510	511	89	512	513	514	515	588	516
22	597	23
52	53	223	54	224	225
168	521	169	522	170
527	651	528
237	584	703	786	704	238	585
38	151	39	40	739	41
73	74	75	693	694	695
76	84	146	77	202	203	197	401	402	571	198	204	205	206	199	207	78	200	750	201	403	147	85
378	784	379
181	182	274	373	275	576	577	594	276	183	595	277	578	780	278
161	162	163	572	164	165
32	33	166	179	34	135	180	35	437	344	136	345	36	642	745	167	346	137	138	37	746
458	459	622	460	623
272	498	273	499	647
495	496	497
742	743	744
187	374	393	188
611	615	620	612	681	613	682
79	97	80	81	82	83
353	687	354	688	700	701	720	691	702
667	770	771	772	668	669
443	616	617	690	672	618	444	619	769	777	673
15	699	16
9	10	487	488	657	564	489	490	491	492	493	494	565
397	561	398	399	400
675	758	676
193	418	194	598	419	599	608	609	610
368	431	369	370
148	149	560	423	677	709	710	735	424	425	736	678	426	679	150
157	747	748	158
254	520	255
17	18	19	20	21
394	395	396
435	519	436
173	579	174
42	48	113	125	142	126	219	266	49	295	127	220	390	280	453	456	524	296	366	525	586	114	596	630	631	267	566	159	670	115	696	281	268	367	567	708	160	43	632	44	50	128	752	129	116	587	441	753	117	740	130	454	589	45	51	773	341	131	760	391	342	761	343	774	526	221	455	46	269	47	270	788	271	392	718	671	719	222	775	297
