40	75	41	76
78	79	93	94	80
91	92	154	119
138	139	142
104	105	117
60	61	62	98
38	42	67	39	77	68
0	32	1	2	3	33	90
26	69	86	103	127	137	149	150	151	27
125	135	126	136
4	63	95	64	123	65	5	6	153	7	66	124	145
51	52	53
8	18	9	10	11	107	108	109	110	12	130	114	111	112	155	115	113	13	131	132	19	14	20	21	156	157	15
28	43	47	72	83	84	44	48	96	45	97	102	116	29	49	46	73	87	120	128	99	30	118	88	89	50	121	122	100	144	133	101	31	134	129
34	35	74
81	82	106
36	54	55	70	56	143	37	71	57
140	141	147
22	146	23	24	25	152
16	58	85	59	17	148
