1825	4147	5180	4148	5181	1826	5182	5183	1827	4149	1828	1829
5684	5685	5686	5687	5688	5689
1117	1118	1119	1120	3481	1122	1123
2252	4302	2253	4303	2254	4310	4311	4549	4550	4312	4313	4314	4315	4316	4317
1471	5235	3647	5477	5366	5478	5479	5367	5480	5481	5482	5581
2329	2862	2330	2331	2863	1637	3088	2864	3096	3089	2333	3090	4632	4633	4634	4635	2865	5436	4636	4637	4638	2866	3097	4639	5437	4640	3098	3091	2867	3092	3093	3094	3742	3095
4779	4780	4781	4782	4807	4808
2411	4547	2007	2412	2413	4548
4209	4210	4211	4212	4213	5522	5523
2772	4504	2773	2775	5427	2776
1704	2603	1705	3213	3214	2606	2607	1706	5446	2609	5447	5448	3215	3558
5655	5656	5657	5658	5659	5660	5661
82	337	83	755	756	822	1035	824	1206	707	19	1611	903	1720	1814	1518	166	1982	85	1983	2226	806	1207	2399	1721	2695	2093	2783	1815	454	3125	1612	3270	939	201	1836	26	2686	1208	2696	2784	3356	86	2223	455	826	2446	3025	1613	459	2302	2731	4072	1816	169	1063	1211	1371	4441	1036	1212	1521	2297	2970	341	2304	4648	1092	4586	4706	936	4721	4442	3400	342	4468	2422	1614	4525	2094	4860	2732	2354	807	1454	1638	4152	172	4970	4073	4074	87	3910	5010	343	3271	5033	2757	1067	5097	4228	3126	5036	2916	4810	2785	4971	2095	2697	2305	1817	5219	1818	757	2355	2096	4426	2306	1837	4582	4649	4443	5354	5011	5037	3441	1722	1838	2733	2673	3731	1068	2307	1037	2698	2699	2700	5449	4229	1536	2308	808	5440	1852	5485	3888	5202	809	1639	3358	810	4249	827	2701	914	5038	3359	4783	2310	758	2311	759	3889	2967	811	1723	5486	3360	1615	1839	2334	1819	1840	4861	4250	4837	2312	2313	1724	344	1725	5159	1071	1072	4444	2097	760	5236	2314	5255	1073	2760	1820	5237	3361	2734	345	3718	4445	4838	1726	5203	1074	1075	2750	2234	4568	1640	5000	2702	3127	3128	1727	1076	4153	4154	1077	5496	4839	5238	1616	3362	4569	5034	5663	1078	5664	2315	1617	1821	898	2968	761	1986	1987	5495	812	813	5030	5239	814	762	3129	3401	2298	5497	2316	1728	3130	2433	5001	899	5670	1079	4711	2317	2735	2235	5012	1038	1039	4527	3363	5240	2318	3364	346	2400	5450	5451	2319	2320	5498	2236	1214	4767	4230	4251	88	2335	2356	4972	3707	3708	3709	2751	2321	3890	4784	4231	5499	5256	2149	5260	5257	3272	5441	1404	5574	4446	3365	1988	2736	1822	1823	2299	5575	5600	89	2106	5039	2786	2322	3710	4811	5160	2737	4683	2323	1080	3770	5204	5205	5013	5155	5261	5361	3956	5601	4001	5355	5463	2434	90	2324	2325	2752	5241	4862	4505	5653	2326	4588	2327	2300	5500	5501	2787	2328	5156	1824	763	5590	3771	4722	4723	5161	1396	4707	3366	3367	5654	4768	5098	4855	3368	4002	5502	4589	3772
236	237	239	240	241	238	242	243	244
2194	4874	4875	2195	5322	2196	4876	2197	4877	5323	5184
4966	5743	5744	4967	5745	4968
4354	4355	4356	4357	4358	4359
33	681	2964	2965	2966	3015	687	3016
4080	4081	4082	5429	5430	4083	4084
4932	4933	4934	4935	5406	5407
4404	4906	4405	4406	5197	4407	4408	4409	5198	4410	5199	4411	4907
4347	1633	4038	4348	4349	4350
2913	2914	4583	1009	4673	2915
4908	5612	5639	5613	5614	5640
4412	5207	5208	5209	5714	5715
2282	2337	2338	2339	2340	2341	2342	2343
1450	3449	1900	2082	2083	2084	2085	2086
1	18	29	30	59	70	91	97	119	126	31	155	49	165	182	245	290	294	303	307	310	183	352	378	184	385	60	92	428	434	516	526	560	573	574	93	587	94	599	610	615	635	657	673	527	688	703	185	739	743	752	186	788	793	291	815	417	836	591	61	418	709	187	929	935	823	954	955	862	863	51	816	637	1015	1025	893	1111	1138	1143	71	588	246	1187	304	1196	1204	1152	1282	1286	1289	1301	864	1323	825	753	409	1340	1347	959	1380	1287	19	72	1411	1414	828	1381	561	1406	1505	435	339	1528	956	410	1153	1546	1547	292	805	1557	247	1584	1590	62	98	1652	1283	20	188	1392	1585	1682	189	611	674	21	1729	1733	881	419	1783	1785	1307	866	248	386	249	63	1871	127	562	1865	1888	1904	1154	600	1663	128	1930	1139	1940	73	1144	420	1960	1969	1974	563	22	1155	367	1889	2010	2012	2015	2019	2025	2030	659	708	1792	2050	2052	1911	2055	564	575	421	565	2099	422	190	2110	829	311	566	1710	1503	1290	1017	74	65	1841	191	1853	1664	948	1842	305	1459	66	1854	710	54	2255	2260	2261	1619	2289	830	2127	1734	1636	1548	689	2368	904	192	2379	308	867	2417	2421	1890	882	324	2435	1026	1441	528	2448	1348	567	2087	1104	2190	309	325	2290	2523	495	1537	2088	2561	436	568	326	437	1879	957	1943	1534	1681	193	250	1504	251	2712	24	25	831	794	2772	2788	1197	2803	252	960	930	327	328	2295	2849	194	2826	2827	2100	1591	2059	381	961	306	1931	340	2147	2924	832	1169	1393	2969	253	1105	638	2981	1671	1556	1308	2998	1793	581	1349	1603	1156	1592	1593	1288	3037	879	2795	3038	3062	1925	254	582	3082	4	2116	1359	195	3141	368	1843	196	740	1794	744	3133	1991	3168	129	2117	661	255	2186	411	3180	3181	1961	1407	3228	197	1157	3238	745	1360	3255	2078	293	1524	1844	868	3282	3286	120	883	198	1309	3317	199	200	780	2895	1351	833	67	201	99	2278	256	1672	2451	1549	1970	2361	1408	1665	3233	1891	3447	3245	3299	1361	75	68	257	3489	3355	3510	1209	1650	949	1996	2636	1018	3539	202	2498	1170	3556	2499	3560	2199	55	1892	1893	3490	2040	1999	1382	1145	5	3399	458	1019	56	2000	2114	1926	2362	3048	3287	1171	387	884	258	3616	639	2743	580	76	2401	869	3039	3697	312	6	203	3730	1158	3735	1091	95	3748	2020	2804	3499	711	1352	834	3783	962	3789	130	905	2500	3260	3806	27	2860	3813	1008	700	3161	2744	1106	2167	2973	3884	1335	2291	1962	3895	837	1894	1673	167	3918	3921	2227	3514	1807	2637	620	950	3945	2666	3951	3954	1383	1875	1912	3972	3572	3987	3988	741	2302	3814	2402	2054	2796	3234	2377	569	3200	1310	2976	1695	2418	2148	1399	1532	1845	712	1384	1913	4053	1159	640	1146	2846	1205	1895	3676	1923	2952	678	1941	161	958	870	138	3060	1535	1107	2591	3435	3691	1083	204	4136	1520	523	3099	2930	28	1971	329	2436	3236	4171	1538	3162	3423	2953	1172	1896	1160	1108	3639	2089	168	295	3134	205	44	4234	2053	2715	2850	4099	1880	372	1460	713	1020	2797	986	1604	2118	987	789	3295	1173	3135	3100	2245	746	4282	1735	2193	4292	3411	3882	2872	2638	3618	2452	1311	206	3903	2639	4324	2262	1174	3989	2724	2060	4202	3736	1329	2292	4019	963	3680	641	2428	664	3749	2296	77	2001	964	207	885	714	1666	373	330	3737	1131	583	3369	7	1594	2425	1409	331	1175	781	1948	4471	1910	2021	4474	2256	2061	1558	1353	3960	4278	2145	3799	2716	2153	313	3872	3922	2246	156	2828	1949	1312	3626	2429	1461	602	2847	1711	4043	1188	2437	4552	2463	603	2869	379	1341	4163	2873	1712	2090	2855	2002	3938	592	2146	838	965	715	2856	3163	78	314	996	643	886	3946	2859	1730	4593	2056	2062	1795	4054	4437	2453	1304	3101	2026	3585	951	665	1897	604	3024	3267	3768	3816	2717	1932	1846	747	332	333	2669	4238	2454	4331	4657	1927	2931	461	835	3020	931	2101	1112	3003	3883	4464	259	4690	1093	952	1412	4696	208	4165	966	936	1176	1400	2438	2543	2332	4279	625	1462	871	4741	1177	1354	2932	2455	2264	3374	1141	1992	2456	2457	1355	3375	3296	382	2003	1463	1674	3640	3044	375	4380	1573	2079	4769	3698	4778	2923	2063	170	988	1356	3896	4806	2422	2022	4501	3246	4088	2718	1161	4831	3688	4591	3239	2933	4835	1898	3424	2403	1667	906	2942	2657	3313	3952	2954	524	4592	2023	1525	1559	4864	1109	79	209	210	2458	3436	1989	4888	211	1899	2677	2687	1876	2562	2829	1847	3437	1490	1928	872	2640	3040	1881	1936	212	3283	2404	4912	2449	2524	2777	748	4332	1357	4796	570	3448	213	3041	4921	4809	1696	2517	4497	967	4930	3976	4938	2972	1796	423	1984	3846	4419	1595	383	3648	2443	1021	4742	171	172	2447	2745	3907	3242	4973	377	4987	462	4994	989	2075	1464	3256	1786	57	2526	907	4974	5003	2113	5007	1022	3376	1914	1493	5019	704	3947	4664	908	4923	4815	3235	1162	1163	3552	3544	2955	2618	873	5052	2459	3557	1737	2830	2430	5078	2460	1191	4601	3004	2719	1362	2999	2464	3482	1924	3692	1342	4650	1410	445	424	5103	4514	4922	3586	157	874	2064	2241	214	215	2257	5020	121	1313	1963	875	1305	576	2670	2518	2423	887	627	968	1306	4286	3812	5124	2031	3017	717	517	1394	577	969	4283	953	4941	3420	260	1668	1669	463	5163	666	667	5170	2688	3438	4108	1465	216	4914	1675	4797	2789	3182	4295	3392	3431	3443	1466	2258	718	970	446	2910	2671	971	2672	4000	4676	1358	334	335	571	1653	2943	173	3432	4732	1467	4117	719	817	2480	2108	2917	1314	3243	1713	3257	909	4865	1772	876	3689	122	8	3809	1560	3049	972	973	388	1901	3961	2439	4646	3751	1773	100	2004	1606	3733	2111	131	3335	2911	1468	2080	1596	4109	675	888	644	447	2725	4663	2057	3173	4510	69	3274	1469	584	1697	4475	2918	3247	1731	1877	261	3513	2566	1808	4747	3900	4306	669	2230	720	217	685	3165	3174	3573	4746	910	3641	3642	3643	5300	5306	3179	2380	2857	464	3744	5320	4697	315	1470	932	4927	1494	990	1110	2349	218	4520	4042	2501	1597	4836	4420	2481	4243	4928	742	429	2870	219	2065	4596	2720	174	2874	2529	1698	4584	101	4333	2748	5381	175	701	2956	1165	1315	4553	2563	4764	3561	2381	1395	5258	790	220	2749	3005	911	221	877	1902	1990	3370	4214	1607	4297	4309	2957	2066	158	2067	1848	465	262	4102	4235	3318	2726	2641	4594	4004	5408	2919	3682	1121	3159	1878	5420	9	449	2544	1972	3371	2713	1882	1849	3677	5409	2191	1609	947	993	749	4785	425	2293	4743	4691	1714	1676	263	1945	1363	1069	1587	2382	2419	2102	2978	4658	4126	222	2200	2405	2187	2461	3175	2831	4225	3959	3143	3391	4055	1946	1872	628	606	3284	670	1933	529	1964	2170	818	791	4819	912	913	5456	4995	3554	3297	5382	3693	4602	450	4926	1343	1166	1707	645	3388	578	426	5025	5465	2201	4760	264	4166	1797	3248	2995	123	4684	2730	3109	1495	2502	2027	1732	646	4431	2989	1873	5229	1798	1965	384	1883	572	4516	4104	2503	265	630	1809	1950	647	1678	3319	2441	2224	1736	4786	2041	1699	1884	2746	4651	839	4089	1472	3644	4318	4733	5491	2875	5274	3479	607	2876	2504	5511	2462	5512	1533	4137	518	1929	4558	671	672	2711	3683	132	2279	80	2877	2081	5492	1799	1588	427	2832	81	1850	2431	3421	2958	2058	5514	5528	1070	3463	4845	2505	2383	1903	2974	3155	3083	3084	5521	3314	2878	4215	3587	1192	2109	3171	1344	914	1324	880	2979	3627	3559	223	4750	4298	3955	1598	2406	3006	1937	1552	224	5529	5519	4931	4783	1193	3562	2642	1683	4919	4820	3393	4939	2585	915	5553	5554	2985	3063	4255	1975	1993	2564	2384	889	3645	1284	2959	2225	1959	1147	1336	3085	2519	4439	4239	5569	5021	4787	1997	2068	721	3936	466	3244	4381	1774	162	1401	4460	2833	5376	5377	1561	722	5462	1715	648	1934	4647	3336	4167	916	3240	2154	3847	2960	2674	933	1651	4105	1506	5368	2482	4325	4542	974	4151	296	4421	2727	2450	3433	2834	917	4236	4517	1529	723	612	3261	5391	1496	5356	4924	2242	4572	5357	3102	3042	2016	266	1951	353	676	5467	267	2363	4498	585	1863	1968	1915	5378	890	4490	5578	4940	1935	878	5457	1784	3885	2586	4543	268	1497	3169	934	2192	3172	3026	389	2483	2280	5200	5201	5332	632	633	4526	4748	5051	5556	4372	4740	3320	4334	3018	1413	5585	5587	4975	2407	2714	4996	3930	4256	4518	4090	1885	1473	4751	3000	380	4856	3518	4091	4094	4198	724	2465	2466	2467	225	2879	4511	2171	4672	4168	139	3540	2835	4730	1709	3908	4915	2017	3619	159	390	391	4110	226	10	4280	269	1474	1658	4422	5579	3937	3901	975	163	227	2774	2871	4917	5081	1475	1364	2975	3258	2880	4199	4200	3176	1476	5604	4597	4598	1679	2024	2527	4833	3948	4604	3962	1498	2750	589	2545	2615	2575	2576	1670	4472	4712	4713	4893	4465	4124	997	1507	5458	4656	2172	2678	1886	5082	2385	1345	5089	5075	3377	5286	4216	5584	5520	2484	3446	58	4846	4281	994	2577	918	1810	4370	4515	2925	4201	4585	2202	3734	124	5576	4999	3985	2848	1113	5383	125	1027	3394	649	4476	4477	919	2982	5321	4207	3103	3160	2442	5333	3043	1994	4307	4308	5402	3800	4988	2961	1477	2288	1700	4739	3815	2051	3354	3939	3444	2188	920	4569	2506	3285	792	3792	1178	3425	5410	995	177	4226	3144	2934	1998	4570	4571	5206	1680	1942	1179	3919	2658	2935	3659	1916	5572	336	1023	1167	1499	270	5444	4423	2420	3953	5411	4169	1550	898	4382	1180	1181	5662	2364	4679	2018	4969	2365	1500	1501	5085	5425	5426	4734	4134	4299	2675	1905	1906	2408	5351	982	3732	228	271	5473	2858	2798	4141	1791	1527	921	3061	5621	96	3848	2861	3249	4161	3229	1478	3045	5474	1976	3555	976	2409	5004	5059	2747	5412	229	2267	1479	5555	725	4695	3990	3991	3321	2836	899	4918	4698	2962	4981	1973	4710	4834	4103	5421	1811	3046	4106	5544	3574	2824	1189	4857	2643	3164	4425	3145	4777	5022	1874	977	5104	2069	3992	2659	5220	2679	1330	1331	1539	4285	4502	3790	1480	1502	2660	4284	4581	5053	3684	4217	2920	2661	2837	164	4416	4821	1716	840	1800	4680	3752	2115	2369	1717	1346	1947	726	900	4898	5196	3156	3372	5690	4659	5592	3170	2485	4894	2444	2445	2921	4529	754	1481	3784	4237	4913	3793	2507	3250	4296	2386	3251	3183	5044	4832	3483	3298	2983	4491	5466	5622	1325	5270	2662	3785	3001	4544	4545	4546	3801	3541	586	1326	3007	4817	3458	5221	3920	3047	3786	2410	5293	4378	4519	4133	3252	4869	4521	272	1402	1403	978	4530	4056	4118	5291	3211	608	4686	4745	3478	922	4092	727	5706	5693	3902	4660	3146	1589	4287	3395	3628	2922	2980	3810	3646	4095	4096	4097	677	1182	2366	2259	728	273	1599	2971	2721	5164	2881	5324	5325	519	5350	5626	133	354	355	356	923	924	1028	3638	2091	3563	4661	3993	3994	2070	3750	1812	4138	5707	5292	5513	2676	4244	4424	5423	5026	5348	5349	5352	2294	4982	230	5379	4371	2936	231	3542	4829	3439	4523	4524	4125	4997	5277	5048	5230	4652	2005	2387	3699	2690	819	5142	5369	3166	2028	3064	4176	1194	5720	3459	5226	3373	5298	2508	2388	2389	4731	4866	5668	4177	590	4895	3904	5153	820	1195	3110	4293	4871	2963	3259	925	2509	4902	4164	2996	5577	2424	5724	1610	1787	4699	4218	3511	3167	4107	1574	4641	729	730	5353	1024	983	926	5092	3322	731	5652	4499	4005	4936	4937	609	3002	232	2173	5721	5623	979	1701	4681	5027	821	2203	3457	980	5093	2790	981	4473	613	520	4170	5424	3491	4559	4761	4942	2486	3253	5307	5308	5309	5154	4513	3543	4653	3685	2071	4662	4867	650	4744	4989	4098	4026	4379	3905	4770	5248	3575	3230	2072	3337	2825	3906	2838	2520	4687	5083	4766	4599	2937	5225	2073	4130	5002	1718	4135	3184	5100	3157	4909	2984	3745	4503	5593	3519	3576	3434	1775	1482	4892	4021	3520	3310	2992	3142	5373	4889	2912	4903	5672	4522	1600	2644	4245	3811	4590	4700	4030	2204	3231	5530	5631	891	5249	1776	2691	233	3973	3678	5452	1540	4093	5372	4896	4859	5326	1601	1602	3690	3996	1553	4897	3577	5278	5374	5375	134	4618	1554	2035	3232	4847	3338	4554	4555	5275	5417	4257	5475	5573	4263	2426	5725	1708	4031	4162	4261	3807	5591	4665	3512	2174	4595	4603	2268	5627	5628	3241	2390	2175	3158	5545	4816	3323	5566	5567	5568	521	5334	5335	634	5580	1702	5557	2367	5392	4556	5471	5483	1887	3484	3492	732	234	2074	5405	3311	2155	2427	3066	5299	235	5476	4983	3629	4682	4127	5101	2663	4560	4561	5726	3694	4159	4160	733	5259	4890	2791	2792	3923	5123	5736	4868	841	842	4413	3909	2510	3067	3440	3237	3817	3747	3986	991	4830	1483	1484	1485	1142	5632	4432	5401	5691	4916	1164	4433	3480	3578	5484	5493	5494	3254	5310	2029	4925	5740	1114	1703	3068	4506	5271	5231	4714	4512	4219	1522	5542	1719	4319	5106	1168	2013	4492	5459	5534	3312	5468	5469	1385	1386	5586	2205	1654	4414	5472	2391	4119	4551	5633	5634	5635	5403	5404	4003	3746	5681	5046	5741	5009	4984	5464	5336	5337	2092	2189	4688	1777	5460	3791	4891	5602	5624	4417	5742	5370	3686	4689	1285	2014	4929	4858	5288	5710	579	5147	5711	5625	5327	5328	5588	3687	1541	4418	5709	5543	3808	2805
3564	5113	5114	5115	3565	5116	3566	5117	3567	5118	5119	5120	5121	3568	5122	3569	3570	3571
3521	5227	3522	3523	3524	3525	3526
2530	5165	2531	5166	5167	2532	5168	5169	5722	5723
2556	1519	2557	2558	2559	2560
5615	5616	5617	5618	5619	5620
5701	5702	5703	5704	5705	5733	5734
1381	1549	2262	3431	1466	1468
3719	3720	3721	3722	3723	3724	3725	3726
5643	5644	5645	5646	5647	5648	5649	5650	5651
4990	2667	4991	2668	4992	5546	5547	4993
74	2281	2525	199	2150	601	1875	2152	2263	663	4438	1586	2264	3374	2284	2352	2285	3330	782	1952	3714	3331	2286
1655	3352	1626	3353	5073	5074
4449	4450	4451	4452	5712	5713	4453
1237	1868	4046	4155	3843	4047	4485
4822	4823	4824	4825	4826	4827
2247	2248	3917	4692	5362	5363	5364	4693	2250	4694	2251	5438	5439
452	12	13	453	454	1453	1003	1870	457	2309
3531	3532	4708	2537	2538	5665	3533	3534	3535	4709	3536	5666	3537	3538
692	2206	2207	2208	2209	2210	2211
3406	4188	4189	3407	4190	4191	4192	4193	4194	3408	3409	4195	4196
1016	1018	1020	3515	4654	4677	3516	716	4655	3517	4678
316	317	3915	318	4115	3916	320	321	322	323	4116
110	4120	3467	4121	3468	4122	4123	5062	5063	5064	5065	5066	5311	5067	3469	5068	5312	5313	5069	5070	5071
3357	3769	4666	4667	4668	4669
3076	4100	642	3077	684	2266	5136	3078	4101	3079	3080
3845	5250	5251	5252	5253	5254
2761	2762	2763	2764	2765	2766	5454	2767	2768	2769	2770	2771	5455
4182	4132	4979	4980	4587	4183
4367	4368	4755	4369	4756	5413	5414	4757	5415	4758	4759
433	614	690	892	482	1337	1568	1579	1580	1660	1738	1788	691	1866	1451	2032	2243	1855	2395	882	1789	2176	2177	3104	3105	3197	1350	3219	1234	1235	1622	370	1739	3551	601	3780	3897	1623	441	1569	2179	1062	1656	4142	3198	2228	2565	4288	1605	1570	2103	855	1064	2180	1581	1065	443	3781	2104	460	2303	4605	4613	3941	1625	2756	2181	1740	2351	1066	1741	3106	4848	524	4044	2229	1944	2352	5005	5006	3429	2105	4798	4799	1626	1338	4143	894	4469	4606	5105	4899	4259	5035	1582	1657	4264	605	2396	1298	5214	2397	2398	1583	4144	4870	1772	5008	1773	4145	4749	4265	5315	5316	4339	4800	5341	5342	448	5058	4035	4289	2758	4765	4333	5317	5318	1213	2759	5232	2353	4340	4801	1742	5215	3995	4064	4266	4341	5233	1661	5234	1608	5216	4470	5090	5072	5431	5395	1627	4290	2231	4342	1571	1790	3227	1572	2160	5343	2753	3107	5076	5503	3136	3396	5344	4267	2440	4400	4343	2232	4626	4627	4614	3715	5347	5416	4447	1526	5319	4802	4803	3716	4900	1299	3137	5133	5247	5262	3209	2233	4268	4334	2171	5396	1743	5504	3430	3332	4146	3553	5445	2033	4269	1328	4270	4271	2754	4397	4566	4272	5505	4567	4273	5506	5397	3210	5217	4484	5515	5516	5517	895	5079	5080	4344	1628	5345	1744	3108	5398	896	897	4607	5399	4616	2755	5669	1339	5694	5518	5552	3717	4500	4901	1745	1629	2237	2244	4398	5218	5346	3212	4399	5077	4274	1746	5708	1662	5380	5428	4448	4262	5695	4345	4346	2034	5371	4804	4805	1630	5248	451
181	3893	4058	5434	4060	4061	5435
1397	1445	1979	2372	2373	1980	1446	2374	1447	1448	2375
2470	2471	4254	2472	2473	5384	2474	2475
2738	2739	2740	2741	2742	2213
636	734	3019	3021	3022	3023	735	4956	4957
4478	1869	4479	1135	4715	4716	4717	4718	4719	4720	4480
5242	5548	5243	5550	5549	5244	5551	5245	5246
3051	3053	3054	3055	3056	3057	3058	3059
3269	456	5279	4701	4702	5280	5281	5282	5283	5284	4703	4704	4705	5605	5606	5607	5608	5609	5610	5611
3451	3452	4960	3453	5636	5637	3454	3455	5638	3456	5716	5717	4961	5718	4962	5719	4963
1198	1199	1200	1201	1202	1203	4600
1215	1216	1217	1218	1219	1220
596	3397	3398	4944	4945	4946	4947
5673	5674	5675	5676	5677	5678	5679	5680
5125	5222	5126	5223	5127	5224	5128	5129	5130	5131	5132
4762	4023	4812	4763	5314	3378	1985	4813	4814
3412	3413	3414	3415	3416	3417	3418	3419
5727	5728	5729	5730	5731	5732
3199	5263	5264	4617	5533	5266	5267	5265	5268	5269
3115	3116	3117	3118	3119	3120
1452	2778	2779	2780	2781	2782
4246	4247	5143	3050	4248	5558
5682	5683	5696	5697	3268	5698	5699
2944	2945	2946	2947	2948	2949	2950	5389	2951
1223	1224	1225	4336	1226	1227	2215	4337	4338
1953	1429	3207	5629	5630	3208
2432	3775	3776	3777	3778	3779
2645	2646	2647	2648	5700	5735
151	5560	3998	5561	5562	5563	5564	5565
1302	1303	2357	2487	1140	2622	2632	2358	2617	3220	1747	3485	3493	3589	2488	3756	3877	3590	4139	43	3591	4197	2623	2489	2633	3599	2490	4562	2624	1778	1748	3592	2625	3600	2491	4415	3486	1749	3601	3602	4958	4943	5040	5045	2359	5086	5107	5108	3603	1750	4910	5178	1751	1752	4220	2376	3226	1753	3494	3495	2492	2634	5179	1754	1755	1756	2493	3593	2336	1757	1758	4628	3604	3339	2635	1759	3878	1760	1761	1779	3340	4221	4276	4184	3594	3497	2851	3595	3605	3606	4222	3607	2852	2619	5524	3487	2567	4629	4630	4185	4277	4140	4911	1762	4111	4383	4959	2494	5329	2495	2496	2497	4631	2360	2853	3498	3608	3609	3610	3879	3880	3881	5589	3341	1763	5087	1764	4384	5393	5603	4223	5394	4224	5385	4112	1765	1766	3342	4385	2651	3221	4386	4615	3611	2854	3596	3488	2652	2620	2621	3612	3426	3343	4113	1780	5330	5088	5304	3597	4608	4642	3598	5386	4387	4186	5285	3222	3223	3224	1767	3225	4187	1781	3344	1782	3345	1768	4114	5331	5305	4563	5559	5387	5692	4388	1769	5388	3346	3347	4389	4390	4391	4564	4565	4392	4393	4394	4395	3613	5641	5525	5642	4396
2590	2592	4486	2593	5095	4487	2594	5102	4488	4489	5096	2595	2596	2597	2598	2599	2600	2601	2602
5137	5138	5139	4511	5140	5141
1210	4240	4241	4242	5134	5135
1542	1431	1543	5028	5029	1544	4232	4233	4878	5047	1545	4879	4880	4881	4882
2112	4576	5442	4577	5737	5443	5540	5738	5739	5541
3052	4062	4063	4065	4066	4067
5418	5535	5536	5537	5538	5539
4883	2249	4884	4885	4886	4887	5526	5527
0	11	32	45	102	106	135	140	152	160	178	274	287	297	316	347	357	365	358	399	141	366	467	46	476	47	486	522	530	338	487	50	615	651	593	33	693	694	34	736	400	348	415	35	774	783	275	764	695	291	843	844	702	488	901	927	937	902	992	998	1004	750	36	652	1011	142	1029	1040	1048	1081	1084	1115	737	143	1148	52	144	1116	1085	775	489	1240	1248	1256	1291	1300	490	536	53	865	1377	696	594	359	468	846	845	1435	401	402	37	1221	1222	491	179	403	1183	1491	48	1508	349	1523	1086	1530	413	1126	137	292	360	1562	1387	404	1618	616	1641	1659	1228	350	1365	1690	288	289	1082	1229	776	777	1802	414	469	1831	769	1770	1257	778	1230	492	493	477	1907	1917	145	1332	1316	658	1954	1955	64	534	799	1124	2011	1563	2042	2047	351	1457	2107	2123	2124	2125	392	38	1184	1185	779	2126	2156	1388	2162	39	2168	2184	1087	1455	705	738	660	2216	1956	1258	1531	617	1995	2273	1564	1619	2344	679	680	1241	2370	784	1149	153	2414	180	2468	1509	2138	2139	2478	494	2512	478	531	393	1333	1334	1977	1428	2533	2535	2536	770	1231	2547	2548	537	1486	479	1908	2568	2569	1575	2098	2579	1049	437	103	2603	2140	298	299	300	2610	1232	1879	438	2626	480	1565	2166	1366	999	653	1317	2627	1233	2513	2514	2515	2682	107	1566	2693	2578	2628	23	2141	2728	847	848	1832	618	595	2793	857	1367	1642	1643	1644	1645	1389	2815	496	497	498	1687	1646	2839	2843	1125	849	499	1030	483	1433	1415	2888	470	2896	2898	2899	1576	2904	1487	1259	2799	1088	146	1938	1434	850	2993	2994	1771	1050	2680	1127	1957	15	535	1436	1510	2415	1128	3027	3028	1249	484	1488	405	3074	3081	3086	1000	1919	1186	682	1318	2900	3124	1089	3131	2926	765	3147	3148	369	1416	1801	3177	147	2794	439	440	3201	1398	3205	1429	1417	538	394	1260	3149	3150	3151	3152	3153	1014	2549	2416	293	2	3111	1856	1292	301	302	3275	3132	3138	2238	3294	276	277	278	279	3300	1813	1551	539	280	1920	2516	2816	2817	104	500	501	502	503	504	505	3087	1803	108	406	407	2582	2274	2129	109	3403	697	698	1250	3410	2275	2276	1319	3427	1684	3450	471	3204	2844	3460	110	1293	800	3470	1418	3348	2277	804	3506	984	3471	1090	2511	3545	3010	2392	1041	1804	2818	3301	1261	2161	3582	1251	148	2997	3614	3615	1918	3630	3631	2629	395	2819	1262	3649	2986	1419	3473	2938	3654	3650	1368	3	985	1420	40	485	2570	2571	2572	751	1489	801	1833	41	3674	281	1236	1443	2883	2539	2882	2178	1647	3583	3584	1834	1252	1857	3381	766	506	3632	3743	1390	1391	1421	1422	1423	3753	3206	3762	3763	3262	3263	3695	3402	416	3675	3579	1444	2580	3780	767	1424	3787	3653	3379	699	361	2884	3796	1051	2885	2239	3527	16	3833	1263	42	2185	1958	2221	619	2345	3315	3886	2151	3891	3894	3898	851	507	508	2821	1129	2540	1437	2393	3404	3389	2541	2269	540	1858	1691	2939	852	1921	3472	3464	1052	1378	2683	1320	371	2212	2546	1438	1425	1426	2897	2583	1264	1265	3968	3974	2301	2550	2551	149	2477	1577	1909	111	112	2152	113	509	2649	114	541	2653	442	2684	154	3273	3528	2614	1830	3507	150	853	2909	3474	1012	3154	3382	1685	3011	2694	2371	1005	3633	1864	2905	4041	3981	621	4057	181	1130	858	1266	4075	396	1053	2521	771	3112	3949	2703	4128	1031	1006	1083	1939	397	523	3958	105	2130	1294	1042	1238	2940	1430	1253	2584	1321	2263	1859	662	2476	3700	1648	3701	1379	1692	4178	3069	2868	4076	4077	3950	362	4203	3475	4206	2656	1254	3766	768	2941	4156	2542	2685	4252	4253	2630	3113	3333	2169	4078	1458	3500	1239	2704	2534	1860	622	2552	1649	683	3029	3030	473	3185	3580	623	2128	1327	654	1369	510	854	2664	1001	4320	1370	3931	4360	542	1688	1032	1267	4039	855	4373	3465	1054	2163	3009	1555	1805	3031	3032	2886	373	408	1268	4427	624	3302	398	115	3501	116	1372	543	2553	1055	4461	2554	2889	3764	3765	3871	4020	2222	4467	1322	374	2692	117	1624	795	118	1442	4040	796	2887	4493	2729	802	2587	3033	1043	1269	859	655	1188	3461	2650	4079	4204	1002	3899	1427	1270	1861	2131	2132	2133	2134	2135	2136	2137	3264	4481	3070	4181	3696	2394	3546	4610	2270	3202	4620	3941	597	2903	1511	1512	860	1686	3324	4462	2901	3873	3773	3774	2616	2902	3216	2631	3390	444	3203	4304	3834	4015	3288	3874	481	1432	4619	3036	1492	1693	1694	1981	4724	363	4321	3672	2142	2283	2705	2706	1056	3422	861	2555	2217	2522	2182	2048	1271	1272	1044	375	376	3932	4735	1373	2265	4205	4772	797	1273	3782	1922	1242	364	2820	3445	1094	282	283	4016	284	511	285	319	2528	3933	3934	1009	1835	3713	4840	4172	4849	17	3508	3788	1243	626	544	1978	2240	3975	4574	2665	3673	525	4032	2777	3265	3738	412	3957	4725	4017	3835	3711	1095	3428	1405	2707	4964	1966	3071	3012	1096	4998	3970	1274	2218	3529	3065	3679	3636	512	513	4611	1013	3712	4965	4018	3912	3661	2840	1057	3466	3139	3892	5041	5042	3652	286	4037	2800	1244	3681	4754	5049	3969	3982	3702	4528	4841	4842	4843	1245	3983	3334	4335	2906	5091	3476	2604	3289	2722	3634	4863	2157	2611	798	3276	4006	4872	1190	803	3462	4024	3767	3072	2350	4033	1578	3316	1513	5060	5109	2049	5099	3290	4322	1374	4129	2723	3266	3122	2198	2708	928	3913	3914	4275	3655	3662	3277	1275	4085	4621	3965	2907	3635	1150	4736	1514	3911	1967	4208	4051	3477	3114	5186	4850	4851	5110	5187	5188	3893	706	4173	5050	2709	2346	4773	5061	1862	1033	3794	4174	4737	4429	668	1515	3836	4920	3757	3758	3123	3759	3760	3761	2588	4227	4086	2479	4852	3509	4027	4853	5043	4557	5146	1058	1806	2710	4131	5272	4157	2378	1132	4644	4087	1007	2927	3887	3217	3971	4985	5289	3008	5189	5190	5185	2605	5301	5191	1439	2987	4009	1246	545	4495	2076	1059	1375	2612	1133	5358	2143	785	4854	4254	5359	5054	2801	5390	1060	1134	3496	4951	2802	3875	4058	4685	3530	1440	2347	4482	3984	1247	3651	4059	856	3385	3935	4362	4531	1045	4363	3837	514	1276	3186	3547	1046	2841	3383	3617	3754	4609	4532	3739	4494	4007	3940	2928	3013	1677	2573	4645	3838	1516	5211	3997	2689	4622	629	3977	4010	2681	686	772	3442	4258	2158	4496	2214	3303	3187	2183	4428	656	4291	5432	4818	5192	3656	3304	4573	515	2822	176	1034	2613	5212	5213	3188	3942	2348	1061	1151	3405	3189	4575	4578	4175	3795	5531	4454	3797	3798	3278	4361	532	5031	3178	3014	598	3943	4579	4580	4436	5418	3279	4323	4179	2219	2608	2077	5470	1851	4294	2220	3581	5433	5290	5014	533	2271	4401	1620	4011	4012	4771	3380	4013	1136	3502	5193	4466	2891	3703	1277	3387	4260	2272	4738	5015	4791	5157	2589	4022	3305	4014	4483	3325	5461	2654	2892	773	631	3034	3035	474	4374	4300	4430	4150	4440	5287	3218	4402	1621	3384	3944	4180	3291	3292	2159	3657	5594	4028	4029	2893	4917	2894	4986	3839	5194	1517	4670	1689	4952	475	1295	3840	2287	3841	5595	1278	4455	472	5016	3306	5111	2574	2845	3658	3280	4364	4365	4366	4301	2908	4828	4052	3121	546	547	548	5032	4792	4463	2469	1376	3704	5532	3876	3326	4788	4789	3660	3842	5360	4008	3740	4623	3073	3281	2842	4036	4790	2890	5055	5667	5158	3999	5453	4456	4457	4458	5419	3741	5177	1189	3386	4375	4376	786	787	549	550	551	552	3307	5507	3190	5273	1137	5276	1296	1297	1047	3548	3637	5017	4459	5422	3844	1010	5400	4377	3191	2823	3663	5210	4025	4953	4954	3308	3705	5018	5508	5509	4624	5302	3706	3309	3963	3964	3849	3727	1255	1567	5365	3755	3075	1456	4844	4955	3327	3328	5056	3664	3293	1279	3728	3729	4643	4612	5057	4625	5303	4403	4774	3850	3665	3666	3667	4775	4776	2144	5510	4873	3588	2043	2044	4305	1280	1281	5596	5598	5599	3140	2655	2045	2046	4158	4671	5112	3329	3549	3978	3979	3550	5671	3980	5195	5597
136	553	554	555	556	557	558	559
430	938	1097	84	1631	14	2006	1449	1635	1098	2119	1099	2164	2036	2806	1867	2120	2121	3349	3192	3350	3620	387	3802	3818	3851	3852	3924	3966	4045	3803	2037	3668	3804	3193	3925	2581	4434	3621	3622	3926	2807	1632	2808	4726	4727	4728	4752	940	4793	2977	4729	941	3669	3351	2929	4674	942	943	3194	3623	3927	4533	2165	944	3853	2122	4904	3854	945	946	3855	4976	4534	4905	2988	4977	2809	1634	3819	3820	3967	4048	3805	4435	3670	5338	3624	3856	3857	1134	431	432	5294	3625	3821	3822	3503	3823	3928	2038	2039	4675	5295	3195	3824	4326	3825	2810	2811	3858	2008	4794	4049	3671	1136	5570	2009	5144	5145	3859	3860	3929	4507	1100	5487	5162	3861	3196	1101	5094	4948	4949	4950	1102	1103	2812	2813	5228	3862	5571	4535	3826	4978	4508	3827	4034	4327	4351	4328	4329	5582	4330	3863	3504	3864	2814	4068	4069	4070	4071	5296	5023	5297	3828	5583	4536	4537	4538	4539	4540	4541	4753	5339	5024	5340	4795	2990	3829	3830	3831	3832	2991	3865	3866	3867	3868	3869	3870	5084	3505	4352	4353	5488	5489	5490	4050	4509
5148	5149	5150	5171	5172	5173	5174	5175	5176	5151	5152
