121	324	458	325	459	122	460	461	123	326	124	125
546	547	548	549	550	551
69	70	71	72	295	73	74
156	342	157	343	158	344	345	369	370	346	347	348	349	350	351
485	468	486	506	487	507	508	488	509	510	511	530
192	238	193	194	239	93	253	240	261	254	195	255	379	380	381	382	241	494	383	384	385	242	262	386	495	387	263	256	243	257	258	259	303	260
400	401	402	403	404	405
203	367	204	205	206	368
330	331	332	333	334	522	523
229	365	230	231	491	232
97	210	98	271	272	211	212	99	498	213	499	500	273	296
536	537	538	539	540	541	542
0	17	1	29	30	47	51	48	75	27	82	85	92	100	109	126	133	135	2	136	150	38	76	201	101	214	140	233	110	28	264	86	274	207	290	127	83	275	77	215	234	278	3	301	111	49	244	307	87	151	159	222	315	112	160	56	78	245	359	52	79	128	161	373	18	162	388	163	376	391	152	394	360	291	19	374	406	88	395	141	415	223	198	39	164	94	327	165	430	316	317	4	409	435	20	276	440	442	57	451	335	265	443	308	407	235	431	142	216	166	113	467	114	31	199	143	358	167	129	375	389	361	482	436	444	294	102	130	224	422	318	58	168	53	217	218	219	501	336	504	169	40	496	134	512	309	463	41	95	279	42	339	50	220	292	445	280	524	170	32	171	33	310	246	43	103	513	281	89	131	196	115	132	416	340	410	172	173	104	21	105	455	59	60	362	144	34	469	174	475	61	446	116	470	282	225	22	302	363	411	106	464	62	63	448	153	371	96	433	221	266	267	107	64	328	329	65	515	412	471	90	283	372	441	543	66	544	175	91	117	525	247	35	137	138	514	44	45	439	472	46	36	268	293	176	516	177	108	269	208	434	526	545	67	393	178	226	154	437	54	55	413	284	473	179	285	23	202	502	503	180	181	517	155	80	398	337	341	5	197	200	432	297	298	299	449	182	311	527	338	518	476	145	478	477	277	497	84	528	364	286	139	227	118	119	183	529	532	6	270	447	236	184	300	408	456	228	390	185	68	304	465	466	438	453	479	484	312	533	313	483	505	209	7	186	187	450	474	417	366	534	188	377	189	190	519	520	237	191	454	120	37	531	305	396	397	457	81	392	287	288	535	399	452	414	289	314	521	378	306
8	9	11	12	13	10	14	15	16
146	418	419	147	480	148	420	149	421	481	462
427	552	553	428	554	429
352	353	354	355	356	357
24	25	248	249	250	251	26	252
319	320	321	492	493	322	323
423	424	425	426	489	490
