1841	2191	876	1302	596	1877	2771	3222
113	129	122
500	1693
78	11	85	117	1531	528	552	91	538	886	99	889	890	68	891	2285	900	903	904	392
1664	1665
1179	2287
149	151	152	1331	1562
1626	1629
729	2259	2831	2832
2505	2507	2508
3314	3315	3316	3317	3318	3319
277	2061	2804
3026	3240
2338	3288
10	74	563	647	710	719	720	711	114	13	14	1013	15	16	17	19	20	21	22	23	24	25	26	28	30	36	37	38	40	42	44	45	46	48	50	55	1254	56	88	65	89	531	553	554	1770	722	1738	170	1106	645	172	1059	1027	946	1060	1077	57	407	907	947	723	713	1029	398	1145	912	913	914	409	2166	1951	1235	1061	1211	1767	915	948	558	714	916	1062	917	918	919	1213	1057	715	503	2387	949	1731	1214	1170	1127	950	1107	1215	1108	2302	652	559	653	504	654	951	893	655	952	1031	509	1236	1033	1110	920	1250	921	2570	510	716	1216	953	1259	2082	1260	1063	895	1261	2648	661	1262	2303	1064	1053	954	58	1781	955	1054	1035	2167	663	1111	2304	1217	1204	1263	957	1128	2690	1264	717	2535	673	702	703	1147	1265	2683	1783	1037	1954	1055	1058	2857	718	2612	1152	1112	2917	923	2305	1065	2306	1039	1040	1985	1085	1081	2613	1113	2231	924	925	926	927	928	929	1926	1042	2932	1067	1158	1986	2307	2957	1221	2308	1222	2684	2964	958	959	1153	1015	2614	1043	1045	1046	1047	1048	1049	1051	1114	1115	1082	1251	2685	1159	2309	1734	2615	1099	1069	1269	1952	1116	1070	1072	1074	1076	2616	2708	2310	1117	2311	2688	2617	1149	3034	1271	1225	1083	2312	1118	1084	1092	1155	1274	1927	1227	1119	1160	2963	1129	1896	1120	1121	1122	1123	1124	1125	1126	1140	1141	1142	1144	1228	2618	3030	1955	1278	2381	1987	1743	2382	2681	1735	2590	2383	2619	2620	1744	1246	2691	1171	1682	2621	2314	2622	2830	1280	1231	1248	3037	2623	1232	2384	1281	411	1737	1746	1748	1750	1763	1782	1814	1827	1905	3040	2315	2624	2625	2571	2241	2316	2317	2318	2319	2320	2642	3326	2385	2386	2919	2918	1252	2626	2968	2574	2627	2628	2629	2630	2631	2632	2633	2634	2635	2703	2752	1253	3072	3031	3073	3074	3075	1284
980	2906
1635	2117	2076	3263	2119	3284
1774	1775	2640	1803	846	1776	1777	2641	3300	2653	3205
526	413	1786
1912	887
2567	2568
2026	1966
0	9
301	305	311	343	456	867	569	2367	802	365
2141	2142	2144	2145	3190	2397
746	457	2393	748	749	2774	2394
540	2172
2433	2434
2825	2756
189	322
2406	3156
2089	1874
2965	2966
191	874	878	1893
2862	2863
2564	2565
86	1012
561	763
1771	1773
1599	1607	3032
2449	3258	2279	2178	3259	3260
3309	3310
2958	2959	2960	2961	2962
274	1004	2043	1850	2162	2163	2164	2165	1008
621	395	151	336	1336	605	616	622	1338	2730	1339	1633	3084	2636	2407	3085
3357	3358
146	1255	185	438
2184	3200	2185	2186	2187	2496
648	649
2845	1998	2846	2915	2847	2202	2936	2937	2848	2849	2916	2850	2938	2939	2940	2941	2942	2943	2944	2945
133	142	180	276	321	1324	624	872	626	627	628	629	878	882	1639
2298	2299	758
1299	1300
3224	3225
940	1946	1925
3452	3453	3454
642	643	1105	120
930	56	936
3118	1918	3237
299	2078
27	2248	1088	997	2457	2458	2459	2460	2461	3353	2462
2062	2289	2290	2291
2401	3238
3282	2608
141	160	175	218	321	451	2020	1632	761	2060
3184	1862
2803	2810
54	931	932	712	933	1257	1218	1066	1044	1154
2558	2559
3129	3130
180	1861
3466	3467
1342	248	2800	1650	1860	1535	1654	2042
2835	2836	2837	2838	3407
419	1915	1917	1920
125	511
3488	3489	3490	3491	3492
995	875
2701	2243	2929
417	324	507	2509	1315	2510	2511	2512	2513	2514
78	84	108
2244	2245	2246	2247
142	878
1329	1821	2930	2931
614	1661
2724	3400
2146	2147
2294	637	2466
3220	3221
3438	3439
2201	3195	3382	3196	3197	3198
534	2695	1822
1307	2549
1549	3341	3089	3342	3343	3344	3345	3346	3347	3348	3349
246	279
546	819	820	859	865	866	1181	964	548	834	822	1469	852	214	215	836	823	1470	1471	871	2436	2437	2438	1184	2769	969	757	826	1472	1182	2802	2805	2421	1185	971	973	2045	1824	1473	827	860	861	837	1474	2439	828	1186	1475	1476	1477	1478	976	1479	1628	1480	2440	830	1481	1187	1482	1188	1483	977	2879	1484	1485	831	1486	1193	2895	838	839	840	978	2441	862	1487	833	979	1488	1194	2442	982	1489	1490	1491	2812	2907	864	1189	2443	1492	2643	983	984	855	1493	1494	2896	2423	1495	2899	1496	1192	2424	2444	1497	1498	2013	1499	1500	1501	1502	1503	1504	1505	1506	1507	1508	1509	1510	2880	1511	2552	1512	2014	2870	1513	1514	1515	1729	1516	1517	1518	1519	1520	1521	1522	1523	1524	1525	1526	1527	375	2425	2445	2446	2447	899	2448	2908	2882	2450	1528	2426	2451	2452	2453	1183	2813	2900	2881	2811	2894	2901	2904
2644	863
3247	3248
252	253	302	303	310	343	96	808	573	2080
3401	3402
2843	2844
1677	885
362	2428
989	3239
2897	2898
343	456
190	231	287	610	1883	1653	1467
3267	3268	3269	3424
2226	2227
155	173	183	1842
26	44	45	51	1026	56	65	1779	1209	723	1028	1029	1201	1078	1213	715	1030	510	895	1034	662	1064	1079	1097	717	935	1036	1058	724	1239	1267	1038	1219	1039	1081	1205	1049	1051	1268	1069	1238	1272	1953	1275	1276	1277	2379	1680	2681	1279	3055	1682	1208	1282	1283
869	1312	2498
1984	2420
153	1565
834	842	2355
227	1854	2048	1638
82	519	499	101	943
144	49	965	750	533	1797	313	996	1018	893	2489	1772	805	2088	2515	1945	2516	1162	1163	937	2089	1164	2090	1165	1874	1024	1166	1167	1168	1169	2091	1801	2092	2975	1941	2517	2093	2094	2490	2095	2518	1802	2096	1949	2097	2149	2519	3202	3245
1902	3232
2853	1198	3193	3097	3388	2854	2855	2856	3098	3099	3329	3194	3408	3409
337	2038	1846	1022	884
2373	2374
255	1637	2049	3169	3170
1532	2234	2235
27	1087	1838
72	81	75	1805	1806	1807	1808	1809	1810	1811	1812	1813
1869	1870	1871
226	344	744	372	2780	2781	2132	1794	2782	2135	2783	2784
1739	2427
530	1679	416
2389	2390
539	2171
357	2566	2411
770	2584
35	41	1100	1007	1132	112	1101	1102	1103	1104	2742	2949	3042
145	171	207	216	223	289	331	338	566	422	2016	617	2017	1901	1916	2018
1335	835	2023	1533	759	2074	2273	2274	2276	1868	1416	2277	1875	1908	2279	2280	2281	2282	2283	2284
2602	1613	2819	2115	3023	3024
3431	3432
1630	1631
3226	3227
849	2403	2404	2793	850	2817	2405	2087	2794
2493	2494	2112	2495
1161	2637
3446	3447
1929	1930	1931	1798	795	1932	2754	1933	1934	1935	1936	1937
192	198	1895
178	1855
38	41	1130	2499	1956	2737	2738	1131	1132	1133	1134	1135	1136	1137	1138	1139	1142	1143	2739	3047	2467	2740	2751	2741	2313	1104	1957	59	3027	2742	2743	2744	2752	3048	2745	2746	2747	2748	2749	2750	3028	3029	3038	3039	3043	3046
2873	1847	2874	2785
3233	3234
3100	3101
1266	2760
1540	1541	902
3441	3442
31	784
2761	2910	3151	3152	2762	3153	3361	3154	3362	3363	3364	3365
3250	3251
3278	3279
3177	3178	3249
2735	2736	3359	3292	3293	3294	3295	3296	3297	3298
308	733	765
642	644
56	715	895	1274
967	123	1700	1017	1627	1914	1960	358	1294	2607	1020	1888	1825	1995	1021	1961	1023	373	1962	1964	1965	1967	1968	1969	1970	1971	1972	1973	1974	1975	1976	1977	2272	2497	1978	3201
930	45	712	56	1285	65	1234	721	908	909	722	723	713	1028	397	1029	910	911	1210	913	1202	714	1078	1212	1213	1094	1057	715	109	950	1258	1032	920	1203	510	660	956	934	922	512	1239	1240	1220	1080	936	1041	1081	1241	1197	1222	1050	1206	1224	1237	1069	1071	1242	1270	1226	1275	1243	1244	2379	1229	1230	1778	1245	1681	1247	2380	2573	1249
2255	3436	3437	3320	3468	3469	3470	3471	3472	3473	3474	3475	3476	3477	3478	3479	3480	3481	3482	3483
3443	3445	3444
3208	3209
1003	1006	2948
1537	601	1538
1317	3126	3127
136	417	150	157	1340	1304	188	1341	194	1342	222	227	228	229	234	238	240	251	257	261	263	266	272	283	284	285	294	317	323	332	333	337	345	346	387	1343	444	353	1172	1344	768	1345	1657	485	1959	1346	505	1347	1644	1348	1349	359	111	1025	2334	1350	1325	2551	612	613	1351	1352	578	1353	1354	1355	824	1356	1357	847	1358	1359	772	825	1360	743	1648	1361	1362	1632	636	1363	1364	1365	854	1649	1366	809	368	1368	1369	762	806	1370	1651	1371	1372	1373	432	433	1375	815	1376	370	1377	2871	817	371	1378	2839	2335	1379	1380	858	2887	777	832	1381	1382	1383	1848	1384	2341	1385	1021	1386	1900	2336	1387	2075	1388	1389	2321	1390	1391	1392	1393	374	1394	1316	766	1395	1396	1397	1398	1399	1400	1401	1402	1403	1404	1405	1406	1407	1408	1409	1410	1411	1412	1413	1414	1415	1417	1418	1419	1420	1421	1422	1423	1424	1425	1426	1427	1428	1429	1430	1431	1432	1433	1434	1435	1436	1437	1438	1439	1440	1441	1442	1443	1444	1445	1446	1447	1448	1449	1450	1451	1452	1453	1454	1455	1456	1457	1458	1459	1460	1461	1462	1463	391	1464	2015	1465	2120	2278	1849	2815	2337	2107	1993	3132	2116	2692	3275	2054	2104	2136	2137	2339	2342	2065	3131	2765	2340	2795	2796	2814	2388	3134	3133	1468
1879	2133
995	875
3062	3063	3064
3330	3331
442	567	443	755	434	1301	2066	1662	2215	2216
2409	3212
95	2170
2412	2413
2723	2725	2726
1784	2198	2766	2767	2536	2768
3324	3325
879	2913
3257	2050	3270
2362	2363
268	290	321	2012	2068
2480	2481	2520	2482
1	4	158	181	197	450	455	2344
2011	3493	3494	3495
2686	2687
2757	2758	3102	3060
131	142	180	187	321	424	571	588	591	592	595	633	874	2605	2083	776	881	2073	1566	2101	2103	2797
525	1289
3306	3307
3125	1922
159	181	184	189	225	293	319	1305	2099	606	1795	617	1327	630	1360	810	2056	2113	2024	2580	2025	3262
1845	1780
273	2058
195	221	233
169	1658	1741	1560	1804	1564
1013	725	2391	1954
3264	3265
1114	1814
1200	510	1037	1207
161	329
1732	2242
1009	1010	384	245	600	1294	1011	1333	1334
462	1672	1674
191	1876	874	883
127	508
166	292	298	430
1133	3043
2926	3322
1675	1581	2414
1691	1904
142	180	312	2071	878	880
296	307	1325
406	1930	1730	1005	2368	1913
2148	513
2851	2852
1571	1839	2471	1602	1817	1089	1620	1818	1819	1820	1840	2969	2970	2971
206	1815
3429	3430
167	1790
436	1467	1880	1881
399	1286	545	2472	2473
2345	2773
2799	3403	3463
495	498	2083	2073	1796
168	418	232	1336	1791	2029	609	1792	807	1534	1793
2486	2487	2488
2693	2694
1902	3231
3228	3229
135	1997	227	731	732	2786	2787	2788
60	67
1019	2606	3036
3286	3287
264	2610	1634	2055	2611	3223
3405	3406
53	1174	2188	2249	2252	2418	1829	2455	2530	1830	2531	1831	2456	2250	2419	1073	1832	1175	1176	2709	3175	2710	2532	1833	1834	1835	2711	2189	2251	2253	2533	3065	2534	3176	2925	3066	2712	2713	2714	2763	3067	3068	3397	3069	3087	3088	3313	3321	3323	2715	2716	3462
1800	2807	3404
415	2292	2293
530	993	2175
524	845
2295	2296
454	1947
734	781	66	2195	782	2208	783	888	1683	2254	1767	1757	2523	785	1684	2197	1685	736	2209	691	706	2732	786	740	2820	2821	2199	787	2775	788	789	790	791	2524	1095	2217	792	793	794	796	797	798	799	800	801	2256	1768	2257	2654	2651	2210	2840	3025	2753	3096	2655	1686	2717	2211	2218	2357	2950	2219	2577	2824	2258	2200	2720	2951	2561	1687	1688	1689	1690	2721	3103	2952	2826	2220	2883	2656	2776	2657	2221	3289	3181	2562	2736	2827	2358	2777	2658	3104	2859	2578	2563	2860	2884	2203	2204	2718	2212	2213	2222	3308	3299	2953	2223	2224	2225	2659	2828	3246	2359	2360	2361	3147	2660	2841	2719	2722	3105	2755	2954	2652	2661	2662	2663	2664	2665	2666	2667	2668	2669	2670	2671	2672	2673	2674	2675	2861	2778	2779	2823	2822	2955	2829	3106	2842	2885	2886	3107	3108	3109	3180	3301
343	456
2521	2522
2923	2924
2911	2933	1699	3371	2912	2934	2935	3372	3373	3415	3416	3417	3418	3419	3420	3421	3422	3423	3450	3451
1989	1310	1990
546	550	2483
520	521	95	944	945
3187	3188
2598	3261
515	2371	516	3235	3236
7	466	471	472	474	476
350	2260
401	124	1195	1753	1146	1754	2542	1148	2734	2179	2543	1150	1742	1151	1755	1157	1745	1747	1756	2544	2545	2541	2682	3044	3045	3050	3049	3079
3332	3333	3334	3335	3336
403	1897	1898
224	242	288	728	741	873	2040	1652
139	767	594	771	773	774	775	776	778	2193
2003	2004	2005
2173	2174
1466	3157	3158
2084	3374	3281	3375
2141	2143	2398	2399
572	2081	575	2377	2194
2679	2680
1879	2133	2134
818	821
2300	2301
856	857	2877	2878
531	1068	1269	1075	1736	1746
1948	3241	3242	3440	3243	3244
3464	3465
497	816	987	2085
546	547	156	735	737	738	739	742	745
239	337	421	756	762	1903
78	73	79	80	62	63	551	12	396	64	27	29	32	33	34	43	851	525	116	148	1056	529	161	1567	500	553	1568	532	170	1569	1570	645	175	402	404	517	92	405	991	1678	1572	408	1573	414	1574	210	258	93	1575	992	780	97	994	556	1178	1577	906	100	441	2008	889	1052	2009	2168	557	892	1578	1579	1580	104	105	106	107	1758	502	1582	1583	2432	2454	841	2463	2465	1584	1090	1585	1586	1091	1587	893	1588	1589	1590	1928	1591	1014	1732	1109	1544	1592	1086	2537	1593	1594	1595	562	614	2180	1596	1597	1096	1692	1598	1600	1601	2525	1759	1999	2464	1603	1667	998	999	1000	1002	960	1330	1760	1098	1604	2554	1605	1676	1938	1606	3035	2555	1608	1769	1609	1610	1199	1611	1612	1614	1615	1616	1617	1618	1619	1621	1622	1623	1624	1625	1660	1752	1762	2526	1816	1906	1939	2181	1907	2010	2182	2183	2369	2370	3290	2702	2905	2528	2529	3159	2866	2976	2468	3160	3161	3162	3163	3164	3291	3366	3367	3368	392
1293	1295
3094	3095
747	2230
1701	1764	905	98	350	2504	870	2649	2889	1001	1288	2977	1702	1703	1704	1705	1706	1707	1708	2978	2408	2979	2980	2981	2527	2982	2983	2984	2818	2985	2986	2987	2988	2989	2990	2991	2992	2993	2994	2995	2996	2997	2998	2999	3000	3001	3002	3003	3004	3005	3006	3007	3008	3009	3010	3011	3012	3013	3014	3015	3016	3017	3018	3019	3020
3457	3458
132	165	181
3425	3426
367	369
1761	3199
2372	1785
3448	3449
2506	1530
1139	1958
3337	3338
47	1156	3076	3077	3078
265	1899	2057
890	2271
494	2192
3398	3399
8	155	173	199	209	291	334	347	603	549	1842	1376
1332	3230
2429	2430	2431
164	1367	2808	2809
281	2063
219	803	1659
1821	1826
2587	2588	3172	2909	2589	3173	3174	3378
843	844
1291	3484	1292	3485
3459	3460	3461
439	811	1645	986	2031	2400	1992	2032	2036	2079
2638	2920	2639	3138	3139	3140	2921	901	3141	2922	3142	3143	3376	3377
341	1256	1878	2594	2595	2596
89	2297	410	2365	2366	1733	1921	2585	2586
1287	1290	2140
1029	1081
235	277
259	460
3033	2286
2378	1205
274	312	592	2051	3150	1996	2059	2118
1863	363	1864	1865
2027	2869
142	249	321	429	1324	586	874	2100	2083	878	2072	1886
244	1558	1643	606	360	1359
2973	2974
2927	1994	2928
2867	2868
2261	2262
1016	1923	1712	1713	542	2538	1714	2539	1836	1715	1716	1717	1718	2263	2264	2876	1719	1720	2967	2275	2375	1721	1722	1723	1724	1725	1726	1727	1728	2265	2266	2267	2268	2269	2270	3082	2704	2903	3083
2106	2764
3433	3434	3435
394	619	620
1860	2902
18	1056
1858	2597
2395	2396
364	2789	2790	2791	2792
380	522	649	779
418	220	232	247	315	1642	352	2021	609	2022
3210	3211
3302	3303
819	143	964	966	968	2579	969	1559	970	752	2802	971	972	974	975	829	2422	979	981	1190	1191	985	988	2102	2772
3191	3192
6	147	237	300	316	334	355	486	487	356	488	489	490	491	492	493	1636	1311	1640	2233	2402
1365	764	2795
241	244	2415	1647	2834	2972	3128	461	376	3165	2039	2041	3166	2131	3167	3168
2474	2475
378	3	379
3203	3204
990	1828
3110	3111	3112	3113	3114	3115
2609	2540	3360	2759
735	2232	2351	2352	2353	2354	3148
3056	3057	3058	3086	3059
871	1478	976	978	1729
133	597	142	623	193	237	244	428	577	631	632	634	878	879	1919
3427	3428
3135	3041	3389	3390	3391	3392	3393	3394	3395	3396
178	213	250	256	599	568	602	426	2047	2376	2356
152	212	1536	1561	1563	3144	3145	3146
381	382	400	118	1177	1666	523	121	543	1529	501	506	1321
2581	2582	2583	2872
3090	3091	3092	3093
1924	2858
3486	3487
427	2121	2410
3252	3253	3254	3255	3256
1991	1337
1711	204	290	2012	2028	2068	2069	3149	2070
70	71	726	727
2546	2547
278	318
961	962
128	518
132	208	249
236	254
275	1885
2111	3119
147	201	1319	1320
459	2346
555	1988
2575	2576
897	1823	2956
3455	3456
275	753	1641
39	510
2150	541	2591	2152	2153	3171	2139	2154	2155	3214	2156	2157	2158	2159	2160	2161	2592	3215	2593	3213	3216	3217	3218	3219	3379	69
1694	1695	2888	377	1696	3182
2476	2477
3380	3381
142	878
535	1950
2892	2893	3414
87	1180
2650	3387
140	265	335	804
3304	3305
5	531	206	463	464	1668	465	2326	467	468	469	470	471	473	475	476	477	478	479	480	481	482	483	484	2324	1669	1670	1671	1673	1674	1749	1751	2190	2325	2328	2349	2329	2330	2331	2332	2333	2350	2347	2348
130	134	159	163	256	336	349	352	448	423	458	1308	616	1309	1857	1318
2798	877
3385	3386
3021	3022
2205	2816
1539	2416	2417
3053	3054	3183
2478	2479	3061
115	385	1979
388	560
137	160
297	615
76	77
2230	2645	2646	2731	3383	3384
3369	3370
2098	3283
3339	3340
536	2000
3327	3328
3070	3071
2327	2647
328	2110	868	2491	2114	2492
722	714	715	510	2379
126	390	2484	2485
103	110	2067	2392
2176	3189	2177
3080	3081
2228	2229	2914
2236	2237	2238	2239	2240
440	2007	393
527	1323
61	21	383	119
52	249	449	2196	1196	1173	2046	2500	2501	2502	2503
1759	1999
3206	3207
2890	2891
1543	1544	1545	1546	1547	1313	1548	1550	1551	1552	1553	1554	1555	1556	1557	2700	2864	2689	2865
138	177	196	211	224	243	286	306	453	1374
646	2364
162	330
2676	2677	2678
1709	1710	618	1909	1910	1911
2705	2706	2801	2707
760	2806
2151	2408
2569	3280
938	750	282	1296	939	842	940	941	942	1297	1298	1616	514	2064
537	1576	2169
84	853
83	650	531	202	309	452	354	651	656	657	658	659	664	665	666	667	668	669	670	671	672	674	675	676	677	678	679	680	681	682	683	684	685	686	687	688	689	690	692	693	694	695	697	698	699	700	701	704	705	707	896	1740	708	2729	709	2727	2728
898	3155	3179
3354	3355
1940	313	1941	1942	2733	1943	1944
2556	2557
3412	3413
2030	2207
3051	3052
190	437	241	269	287	1656	2105	2550	608	2214	1328	1843	1884	2035
1307	894	2833	1314	2947
191	874	878	883
3311	3312
2548	2572
3185	3186
142	439	295	878	986	1992	2946	2037
412	1765	1766
54	1210	1217	1223	1224	1273
1989	1310
29	1093
848	830	2875	3266
2469	2470	3356
2	131	133	175	181	200	205	439	217	230	237	267	280	295	314	320	326	339	340	343	348	456	604	808	573	769	1326	625	1646	1844	585	593	2044	1655	1992	1963	2033	2122	2034	2123	2124	2125	2126	2127	2128	2129	2130	3285
635	1312
1	131	417	154	174	180	182	193	205	564	565	217	238	270	271	326	327	330	342	343	598	351	446	447	456	570	425	496	431	2001	607	574	1856	1646	576	578	580	581	582	583	584	585	587	588	589	634	696	2006	2019	1542	2601	1422	1697	1698	2002	2086	1872	2603	2109	2604	2343	1882	2600
1799	2560
117	1322
1797	1837	1980	1981	1982	1983	2696	2697	2698	2699
386	389	2138
1306	2435	3352
3276	3277
3350	3351
812	813	814
1867	191	1876	1887	874	878	883	1889	1890	1891	1892	1893	1894
3136	3137
638	639	640	641	2206	2288
179	435	186	203	260	262	304	325	420	445	579	590	1866	751	366	1859	2052	963	2053	2077	2770	2108	1873	2599
3116	3117
3410	3411
138	754	214	730	361
1233	3496
3120	3121	3122	3123	3124
611	2553
1303	176	1851	1852	1853
1663	1787	1788	1789
3271	3272	3273	3274
78	90	94	102	544
2322	2323
