495	664	152	363	535	496	856	857
45	61	49
62	454
35	3	37	47	440	52	155	41	58	157	43	159	160	60	161	571	166	167	168	63
451	452
572	573
112	145	113	368	446
447	449
739	740	759	760
654	655	656
883	884	885	886	887	888
444	529	747
863	864
875	876
2	81	86	87	91	103	104	92	46	4	5	208	6	7	8	9	10	11	12	13	14	15	16	18	19	20	21	22	23	24	25	26	27	28	29	31	338	32	39	210	40	53	456	469	470	105	461	255	259	85	56	235	211	193	236	249	33	170	169	194	106	94	212	95	287	171	172	173	107	556	507	329	237	315	570	174	195	90	96	175	238	176	177	178	316	232	97	331	608	196	457	317	297	281	197	260	318	261	582	262	344	517	98	624	198	162	263	199	213	99	330	214	264	179	334	180	681	233	100	319	200	345	539	346	239	163	347	721	615	348	583	240	228	201	34	477	202	229	215	557	203	265	584	320	349	350	204	282	727	351	101	665	689	585	230	288	352	724	479	216	510	231	234	772	102	690	290	266	794	181	586	241	587	217	218	512	254	250	691	267	564	182	183	184	185	186	187	505	219	800	243	294	513	588	811	322	589	323	725	819	205	206	291	209	692	220	222	223	224	225	226	227	268	269	251	335	726	295	590	458	693	694	244	353	508	270	245	246	247	248	695	733	591	271	592	817	696	289	826	354	324	252	593	272	253	257	293	355	506	325	273	296	818	283	498	274	275	276	277	278	279	280	284	285	286	697	326	698	823	511	356	602	514	462	603	723	459	684	604	699	700	463	332	728	298	453	701	594	702	828	357	327	333	827	703	328	605	358	509	460	464	465	466	468	478	481	486	499	829	595	704	705	682	838	596	597	598	599	600	718	889	606	607	796	795	336	706	822	683	707	708	709	710	711	712	713	714	715	732	830	337	831	824	832	833	834	359
634	788
670	685	671	872	672	874
473	474	716	755	756	475	476	717	879	722	853
51	54	480
500	158
679	680
686	687
0	1
74	146	361	442	543	147	533	601	540	534
544	545	546	547	845	612
108	109	610	110	111	742	611
59	558
625	626
877	878
71	494
613	880
735	736
820	821
156	150	153	497
773	774
677	678
38	207
666	667
471	472
757	758	825
642	867	868	869	870	871
881	882
812	813	814	815	816
73	450	550	489	551	552	553	554	555
66	67	145	364	369	370	490	68	371	734	372	538	835	836	614	837
900	901
339	340	341	342
560	851	561	562	563	852
88	89
765	791	766	792	767	768	801	802	769	770	793	771	803	804	805	806	807	808	809	810
69	144	70	527	75	366	76	149	77	78	79	80	153	154	528
579	580	581
360	362
858	859
738	741	609
910	911	912
82	84	258	48
188	32	192
841	503	860
530	532
17	569	256	467	647	648	649	650	651	899	652
574	575	576	577
861	862
873	688
83	119	114	115	75	116	521	487	488	541
844	493
749	750
30	189	190	93	191	343	321	242	221	292
675	676
842	843
70	492
913	914
515	441	744	516	491	443	745	523
761	762	763	764	907
57	501	502	504
50	164
915	916	917	918	919
559	151
730	731	797
118	542	120	657	658	659	660	661	662	663
35	36	44
565	566	567	568
144	153
367	482	798	799
484	674
903	904
548	549
578	365	653
854	855
908	909
846	847	902	848	849	850
55	729	483
668	669
839	890	840	891	892	893	894	895	896	897	898
72	522
64	121	130	134	142	143	299	300	65	122	135	373	132	374	123	124	131	375	376	148	627	628	629	302	737	616	136	743	377	301	746	748	617	303	520	304	719	485	378	125	137	138	126	379	630	380	305	381	382	383	384	306	385	448	386	631	307	387	308	388	309	389	390	776	391	392	393	394	313	782	127	128	129	310	632	139	395	396	633	397	314	635	398	399	400	401	752	789	141	311	636	402	779	618	619	133	403	404	783	620	405	784	406	312	621	637	407	408	518	409	410	411	412	413	414	415	416	417	418	419	420	777	421	673	422	519	775	423	424	425	455	426	427	428	429	430	431	432	433	434	435	436	437	753	622	638	639	640	165	641	790	780	643	438	623	644	645	646	439	754	785	778	751	781	786	787
720	140
865	866
524	526	525	445	531	442	42	117	536	537
905	906
