309	326	393	416	417	310	419	420
37	48	40
49	241
31	1	32	39	232	42	70	35	46	71	36	73	74	47	75	287	78	79	80	50
238	239
288	289
229	230	233	231	235
236	237
386	387	388	389
323	324	325
428	429	430	431	432	433
234	280	383
421	422
425	426
0	51	52	53	54	65	66	55	38	2	3	114	4	5	6	7	8	9	10	11	12	13	14	15	16	17	18	19	20	21	22	23	24	25	26	27	209	28	33	117	34	43	242	253	254	67	247	161	162	262	45	141	118	100	142	154	29	82	81	101	68	56	119	57	190	83	84	85	69	281	270	283	143	285	286	86	102	115	58	87	144	88	89	90	201	138	59	210	319	103	243	202	199	184	104	163	320	164	290	165	211	279	60	322	105	76	166	106	120	61	275	121	167	91	203	92	331	139	62	204	107	212	338	213	145	77	214	369	321	215	291	146	134	108	30	259	109	135	122	282	110	168	292	376	216	217	111	185	377	218	63	327	339	293	136	191	219	373	312	123	273	137	140	390	64	340	193	169	394	93	294	147	295	124	125	276	159	155	341	170	284	94	95	96	97	98	99	268	126	397	148	196	277	296	398	332	297	311	374	401	112	113	194	116	342	127	128	129	130	131	132	133	171	172	156	205	375	197	298	244	343	344	149	220	271	173	150	151	152	153	345	381	299	174	300	399	346	192	406	221	222	157	301	175	158	160	195	223	269	372	176	198	400	186	265	177	178	179	180	181	182	183	187	188	189	347	224	348	404	274	225	313	278	248	314	371	245	336	315	349	350	249	402	378	200	240	351	302	352	408	226	382	206	407	353	333	316	227	272	246	250	251	252	379	260	263	264	266	409	303	354	355	334	415	304	305	306	307	308	368	434	317	318	396	395	207	356	403	335	357	358	359	360	361	362	363	364	365	380	410	208	411	405	412	413	414	228
391	392
328	337	329	423	330	424
255	256	366	384	385	257	258	367	427	370	418
41	44	261
267	72
