3314	4054	1939	2547	1069	3033	4322	5852
102	182	319
802	3082
101	14	185	314	879	1147	260	150	1159	812	288	1390	818	96	1975	4240	1991	1995	840	790
3040	3041
2391	4258
354	111	356	2608	2888
2950	2952
1576	4225	3923	4713
4583	4584	4585
6014	6015	6016	6017	6018	6019
565	3776	5160
5559	5882
4019	5969
13	174	232	1492	1452	1564	1566	1166	186	19	20	2151	21	23	24	26	27	28	31	32	34	35	36	38	40	47	48	49	53	55	58	60	61	63	67	73	2159	74	274	89	275	1150	1302	803	3197	167	2173	387	1453	1170	390	773	2201	2053	1454	1171	75	774	1174	2054	252	254	1455	842	2346	1456	2000	2001	863	3996	3564	2452	2232	2430	3193	2002	886	1306	1561	2003	1178	2004	2005	2006	2432	2176	1254	1079	2277	1181	1183	1184	1192	1193	1195	1196	1197	1198	1200	1211	1212	1215	1080	1221	2055	1978	1496	2056	2203	1085	2453	1555	2306	1459	2465	2008	4704	1086	1460	2434	2057	2484	3845	2485	2233	1981	2486	4872	1501	2278	4272	2183	2227	2058	76	1463	1465	1466	1469	1470	1471	1472	1473	1475	2259	2487	2059	2318	2280	2488	1562	4624	1513	1544	1545	2260	2490	4959	2468	2207	3566	2228	2230	5258	1563	4809	2357	2283	5371	1477	2284	2235	4273	2209	2210	3594	2263	2223	4810	1256	4193	2011	2012	2013	2014	2015	2016	2189	2212	5424	2238	2161	3595	4274	5470	2438	4275	2439	2285	5476	2060	2061	2358	2154	4811	2213	2215	2216	2217	2218	2219	2221	2192	2307	2256	2466	4960	2286	4276	2261	4812	2295	2240	2493	2250	2308	2241	2243	2245	2247	4813	5013	4277	2309	2251	4963	4814	2349	5568	2495	2353	2257	4278	2310	2258	2269	2360	2499	3485	2288	2289	2290	2291	2319	3417	2311	2312	2313	2314	2315	2316	2317	2331	2332	2334	2345	2443	4815	5562	3567	2502	4381	3596	3148	4382	4955	3140	4769	4383	4816	4817	3149	2461	4978	2381	2355	4818	4280	4819	5232	2505	2445	2463	5575	4820	2446	4385	2507	870	3142	3151	3153	3156	3187	3212	3264	3287	3442	5579	4281	4821	4822	4707	4203	4282	4283	4284	4285	4286	4844	6042	4386	4387	5374	5372	2467	4823	5482	4710	4824	4825	4826	4827	4828	4829	4830	4831	4832	4998	5068	2252	5621	5563	5622	5623	5624	2512
2086	3159
1289	3917	3222	5926	3922	5954
3201	3202	4838	3248	1857	3203	3204	4839	5988	4887	5820
1144	769	3216
2275	1973
4701	4702
1243	3575
0	12
606	611	631	691	972	1921	1277	3920	1771	746
2148	3964	3966	3967	5786	4399
184	973	4395	1635	1637	5111	4396
811	4011
3999	4460
5219	5070
145	651
4419	5735
3868	3387
5477	5478
391	1605	1947	3410
3960	5280
4696	4697
273	2150
1309	1677
3198	3200
2922	2930	5564
4482	5905	4247	4025	5907	5909
5965	5966
5471	5472	5473	5474	5475
553	1581	3747	3338	3451	3986	3987	3988	2145
1418	792	111	677	2616	1368	1383	1419	2621	5039	2630	1596	4079	4833	4420	5640
6089	6090
351	2480	137	937
1314	5229	4047	4048	4049	4572
1493	1494
5246	3665	1918	5367	5247	4071	3995	5430	5248	5249	5368	5250	5432	5433	5434	5435	5436	5437	5438	5439
328	346	124	561	153	2590	1431	1928	1433	1434	1435	1438	1947	1954	2997
893	896	1667
1570	1574
5480	5854
1572	1594	3420
6271	6272	6273
1388	1097	2305	317
1167	74	2022
5684	3469	5878
603	3835
37	4210	1128	2116	4494	4495	4496	4497	4498	6077	4499
197	4261	4262	4263
4306	4490
3034	4805
343	369	117	443	153	963	3016	1595	1672	1071
5778	3359
5157	5175
72	2017	2018	158	164	168	2435	2236	2214	2359
4684	4685
5696	5697
124	3358
6292	6293
1711	494	3620	3006	3357	2846	3012	3745
5234	5235	5236	5237	6185
903	1428	3468	3471
322	1087
6315	6316	6322	6323	6324
2108	1933
4996	4205	5415
900	653	1083	4586	2568	4587	4588	4589	4590	4591
101	272	304
4206	4207	4208	4209
346	1947
2595	3275	5417	5418
1380	3031
5032	6169
3968	3969
884	1451	4503
5850	5851
6240	6241
4070	5803	5269	5805	5806	5807
806	4982	3276
2559	4660
2873	6064	5647	6065	6066	6067	6068	6069	6070	6071	6072
492	567
1257	1797	1798	1875	1882	1883	2400	2067	1259	1844	1801	2767	1866	439	440	1119	1802	2768	1292	1294	4467	4469	4470	1886	5102	2074	1666	1811	2770	2401	3905	5161	4448	1887	2077	2081	3749	3280	2772	1813	1876	1877	1848	1889	4471	1816	2402	2773	2774	2775	2776	1891	2778	2951	2779	4472	1818	2780	2403	2781	1894	2782	1895	5301	2783	2784	1819	2786	2407	4676	1849	1850	1851	2084	4473	1878	2788	1821	2085	2789	2408	4474	2088	1963	2791	2792	5185	5346	1880	1897	4475	2793	4857	2089	1898	1871	2794	1968	1970	2855	2795	2856	2796	2406	2857	1902	2797	2798	3684	2799	2800	2801	2802	2804	2805	2806	2807	2808	2809	2810	2811	5302	2813	4668	2814	3685	5288	2815	1972	2816	3137	2818	2819	2820	2821	2823	2826	2827	2828	2831	2832	2833	2834	761	4450	4478	4479	4480	1990	4481	3860	5304	4484	2836	4451	4485	4487	4488	1903	5186	5326	5303	5176	5321	5327	5344
4865	1879
5890	5891
507	509	608	609	626	691	283	1282	1331	3839
6179	6180
5243	5244
211	193
740	3632
2101	5881
5278	5322
691	972
149	468	190	1375	3398	3010	2765
5934	5935	5936	6207
4189	4190
363	115	132	3318
36	58	60	68	2200	74	89	165	169	252	1553	1455	2424	1554	2432	1254	2202	1086	1981	2206	1502	2183	2254	2281	1562	2021	2184	2230	170	1558	827	2208	2436	2209	2223	2427	2219	2221	2492	2240	2287	2496	3565	2470	2500	2501	2474	3063	4955	2504	5599	2355	2429	2508	2509
1283	2563	4575
1218	4447
357	2891
1844	1833	3419
463	3351	3768	2996
270	1137	1072	291	2045
348	66	1831	1652	1152	3240	636	2113	2165	1978	4565	3199	1777	3867	4106	3505	4592	2373	2374	2024	3868	2375	3869	2376	3387	2172	2377	2378	2379	2380	3870	3245	3871	5498	3499	4593	3872	3873	4566	3874	3681	3246	3875	3508	3876	3970	4595	5814	5887
3434	5864
5254	2418	5799	5657	6153	5240	5255	5256	5263	5658	6045	5800	6189	6190
680	3734	3325	1838	1958
4370	4371
513	1647	3770	5754	5755
1408	4196	4197
37	2265	3309
171	199	176	3253	3254	3255	3256	3257	3258	3259	3260	3261
134	3372	3089
462	694	1628	758	5122	5123	3941	3230	5124	3943	5125	5126
1220	4452
212	3056	875
4390	4391
1160	1188
727	4700	4392
1584	4744
46	54	2279	2144	2322	309	2297	2299	2300	2304	3550	5456	5582
349	388	421	441	455	589	667	681	1327	906	3689	1384	3690	3094	3095	3691
2615	1846	3697	1645	1669	3832	4241	4242	4244	3368	2715	4245	3388	3455	4247	4248	4249	3727	4250	4251
4794	2936	5196	3913	5546	5547
6226	6227
2953	2954
5858	5859
1863	1960	1835	5143	1864	5194	4417	3855	5144
4569	4570	2539	4571
2372	4834
6254	6255
3487	2472	3488	3241	1741	3489	4123	3490	3491	3492	3493	3494
392	404	3414
122	3352
49	54	255	2249	3518	5053	5054	2321	2322	2323	2324	2326	2327	2328	2329	2330	2334	2335	5055	5590	4020	5056	5067	5057	3520	2304	3530	77	3535	3550	5058	5059	5068	5591	5060	5061	5062	5063	5065	5066	5560	5561	3553	5576	5583	5589
4489	2975	5293	5129
3984	5872
5659	5660
2491	5080
2861	2282	1994
6245	6246
41	1722
5084	5352	5730	5731	5085	5732	6105	5733	6106	6107	6108	6109
5897	5898
3863	5949
5195	5771	5892
5051	5052	6091	5981	5982	5983	5633	5984	5985	5986
620	1602	1681
1388	1484
74	1254	1981	2499
2069	320	3107	1407	821	3466	3569	729	2528	4804	2167	3405	3281	3657	2169	3570	2170	759	3571	3573	3574	3576	3578	3579	3580	3581	3582	3583	3584	3585	3586	3587	838	4573	3588	5813
1167	60	158	74	2513	89	160	161	162	166	167	252	254	1553	841	1455	1999	1253	1457	2000	2425	1561	1554	2431	2432	2271	2176	1254	305	1195	1210	2205	1459	2426	1086	1500	1474	2020	2009	1088	1558	2455	2437	2255	2022	2211	2223	2456	2417	2439	2220	2224	2441	2454	2240	2242	2457	2494	2442	2470	2458	2459	2474	2444	2354	3210	2460	3064	2462	4380	4709	2464
4218	5816	6236	6020	6294	6295	6296	6297	6298	6299	6300	6301	6302	6303	6304	6305	6306	6307	6308	6309
6251	6253	6252
5824	5825
797	2138	5454
2850	1363	2851
2570	5693	5694
337	900	110	365	2644	131	143	147	396	1711	454	463	464	465	471	480	482	503	522	529	531	535	550	573	574	577	596	642	652	668	669	680	695	697	221	2645	946	713	2387	2646	1695	1279	3020	1029	1281	1213	1081	1130	1132	2647	2648	730	308	2196	3619	2649	2591	1287	1378	1379	2650	2651	1336	2652	2653	2654	1803	2655	2656	1861	2657	2658	1700	1810	1592	1627	3005	2660	2662	1595	1449	2663	2664	2665	1867	2973	2666	1782	750	2669	2670	1673	1779	2671	1587	2672	2673	1713	926	927	2675	1793	1609	753	2676	5290	1795	754	2677	5238	4307	2678	2680	1872	5313	1707	1820	2681	2682	2683	2976	2684	2977	2685	2169	2686	3433	4308	2687	3833	2688	2689	4288	2690	2691	2692	2693	760	2694	2569	1682	2695	2696	2697	2698	2699	2700	1251	2701	2702	2703	2704	2705	2706	2707	2708	2709	2710	2711	2712	2713	2714	2716	2717	2718	2719	2720	2721	2722	2723	2724	2725	2726	2727	2728	2729	2730	2731	2732	2733	2734	2735	2736	2737	2738	2739	2740	2741	2742	2743	2744	2745	2746	2747	1589	2748	2749	2750	2751	2752	2753	2754	2755	2756	2757	2758	2759	2760	2761	788	2762	1300	2763	3926	4246	3333	5192	4309	3903	3631	3766	3916	3752	3790	3779	3899	3944	3945	4310	4313	3811	5698	5095	3611	5146	5151	5191	3753	5700	5699	2766
3393	3942
2108	1933
5610	5611	5612
6049	6050
943	1328	944	1642	928	2546	3814	3036	3823	3838
4426	5833
282	4006
4436	4437
5031	5033	5034
1317	4063	5099	5100	4627	5101
6037	6038
1948	5365
5904	3777	5939
4355	4356
540	590	153	1615	3817
4549	4550	4596	4551
1	5	366	125	402	961	968	4320
839	6325	6326	6327
4961	4962
4778	5071	5663	4431
327	346	124	142	153	908	1330	1346	1353	1355	1358	1445	1605	3037	3846	1705	1950	3827	2893	3032	3892	3921
799	2516
4096	6004
5692	3473
368	125	133	145	460	595	648	1276	3787	1369	2987	1384	2592	1439	1592	1783	3088	3911	3703	4740	3704	5923
3322	3211
552	3796
398	449	470
386	3021	3145	2884	3250	2890
2151	1567	1203	3566
5929	5930
2192	3264
2423	1086	2207	2428
370	664
2178	4204
1232	2146	771	490	1362	2528	2147	2613	2614
207	3047	3050
391	1585	1605	1957
324	1084
382	594	601	919
2323	5583
5389	6023
3053	1190	4442
1714	3440
346	124	634	1641	1947	1949
598	619	2591
859	2472	3139	2137	4362	3463
1175	1089
5251	5252
2898	3310	4522	2925	3271	2266	2943	3272	3273	3274	3311	5483	5484	5485
420	3265
6224	6225
384	3224
148	2765	3394	3395
845	2514	1231	4523	4524
4326	5106
5152	6181	6282
1045	1050	3846	3827	3232
385	902	469	2616	3226	3720	1372	3227	1781	2845	3228
4559	4560	4516
4979	4980
3434	5863
4623	3708
332	3664	463	1598	1599	5134	3782	5135
78	95
2166	4802	5572
5958	5959
532	4808	2991	3701	3769	5853
6183	6184
71	772	4050	4211	4214	1207	1124	4491	4619	3291	3983	3292	4492	4212	2190	2244	3294	2389	2390	5014	5769	5015	4620	3295	3296	3297	5016	4051	4213	4215	4621	5614	4622	5770	5381	5615	5017	5018	5019	5086	5616	5617	6166	5618	5643	5644	6013	6022	6030	5020	5021	6281
3244	5171	6182
874	4264	4265
212	1109	4013
1142	1856
887	4267
967	3423
1616	1718	92	4058	1684	2365	1720	1974	1905	4216	3193	2276	4604	1723	1907	4061	1908	1620	1910	1533	1548	5048	1725	1624	1686	1690	1691	1726	5112	1727	1728	1731	1732	1911	2272	4176	1735	1736	1737	1742	1743	1748	1749	1751	1757	1912	3194	4219	4016	4879	4085	4114	2366	2368	5656	4888	1692	5022	4086	3102	4343	5460	4035	4117	5217	4221	4069	5025	5461	4121	3071	3073	3074	3077	4687	4694	5271	4038	4180	5306	4891	5113	4892	4131	5972	5075	4691	5052	5224	4044	5116	4894	5668	5268	4133	4689	4748	4991	4073	4074	5023	4094	4095	4163	4164	5987	5274	4184	4186	4187	4899	5225	5553	4350	4351	4353	5413	4903	5241	5024	5027	5669	5069	5275	4885	4912	4913	4916	4919	4920	4921	4922	4923	4925	4926	4929	4931	4941	4942	4946	5273	5118	5121	5207	5205	5463	5226	5670	5242	5308	5309	5671	5672	5673	5774	5992
691	972
4421	4600
5380	229
5355	5427	3100	6116	5356	5428	5429	6117	6118	6197	6198	6199	6200	6201	6202	6203	6204	6205	6269	6270
242	2561	3599
1257	1263	4553
1138	1139	282	2048	2049
3262	5783
4783	5921
1093	4367	1094	5873	5877
8	992	997	998	1000	1004
707	4226
848	321	2413	3172	2347	3173	4647	2348	4108	4026	4648	2350	3147	2351	3176	2362	3150	3152	3178	4649	4650	4646	4958	5587	5588	5593	5592	5628
6051	6052	6053	6054	6055
854	3425	3426
459	485	587	1059	1625	1930	2383	3007
340	1693	1357	1699	1701	1702	1704	1705	1708	4056
808	3670	3671
1108	4012
2764	5736	5737
3848	4667	5952	6121
2148	3965	4400	4401
1063	3840	1332	3604	4057
4953	4954
3393	3942	3858
1796	1799
895	4270
1824	1829	5296	1841
1150	2239	2493	2246	3141	3151
3507	5883	5884	6242	5885	5886
6290	6291
1047	1794	2098	2981
1257	1258	364	1618	1621	1622	1623	1626	1629
481	680	904	1593	1673	3435
101	155	180	198	84	85	1301	18	768	86	37	39	43	44	45	57	1404	799	313	353	1100	1148	370	209	802	1302	2895	804	387	2896	2897	1170	117	850	855	1134	277	858	1103	1173	2899	862	238	873	2900	428	524	278	809	2106	1716	285	2107	1304	1116	2902	1997	289	942	1177	1390	2160	195	4002	1305	1976	2175	2903	2904	296	297	299	301	1392	1074	1216	1217	4457	1120	1122	1129	4502	2906	2177	2907	2908	2268	2909	1978	2910	2911	2912	3486	2913	2152	2178	2181	2867	2915	2264	4631	2916	2917	2918	1310	1380	4029	2919	2920	2292	3081	2921	2923	2924	4614	3181	3666	4500	2926	2840	2124	2125	2127	2131	2063	2596	2193	2294	2927	4675	2928	3054	3495	2929	5569	4017	2931	3195	2932	2933	2422	2934	2935	2937	2938	2939	2940	2941	2942	2944	2945	2947	2948	2949	3030	3161	3185	4615	3270	3452	3496	4030	2194	3676	4031	4032	4365	4366	5977	4997	5345	4617	4618	5738	5284	5499	4508	5739	5740	5741	5742	5743	5978	6110	6111	6112	790
1268	2529
5654	5655
1634	3476
1227	236	1996	287	707	4582	1927	4874	5317	2130	2515	5500	3108	3109	3110	3111	3112	3113	3114	5501	4423	5502	5503	5504	4616	5505	5506	5507	5200	5508	5509	5510	5511	5512	5513	5514	5515	5516	5517	5518	5519	5520	5521	5522	5523	5524	5525	5526	5527	5528	5529	5530	5531	5532	5533	5534	5535	5536	5537	5538	5539	5540	5541	5542	5543
6276	6277
104	378	125
6208	6209
749	752
3184	5808
4368	3214
6267	6268
3115	2838
2330	3533
6056	4393
62	2361	5625	5626	5627
534	3430	3783
818	4239
1041	4055
6167	6168
10	363	115	405	424	591	670	698	1365	1262	3318	1609
2612	5862
4453	4454	4456
376	2667	5172	5173
569	3805
447	1772	3025
3275	3285
4766	4767	5764	5351	4768	5765	5766	6137
1853	1854
2517	6310	2518	6311
6278	6279	6280
939	1788	3001	2097	3728	4414	3602	3609	3731	3837
4836	5375	4837	5708	5709	5710	5376	1992	5711	5377	5712	5713	6122	6123
686	2481	3392	4773	4774	4775
275	890	864	4360	4361	1417	3472	4422	4764
1272	835	837
1455	2223
474	565
527	983
5567	4256
4379	2427
553	634	1355	3778	5729	3658	3797	3918
126	742	3360	3361
3714	5287
346	495	153	917	2590	1344	1605	3699	3846	1947	3826	3401
488	1590	3000	1369	731	2658
5491	5492
2051	2849	5411
5285	5286
4227	4228
2164	1172	1406	3120	1163	4633	1291	1296	3308	3121	3122	3123	3124	4230	3886	5295	3125	3126	5479	4243	4372	3127	3128	3129	3130	3131	3133	3135	3136	4231	4232	4233	4234	4235	4236	5636	4999	5339	5637
3902	5092
6231	6232	6233
231	1396	1398
3357	3740
25	1100
1241	4776
4397	4398
745	5137	5138	5139	5140
780	876	1494	1710
902	448	469	493	639	1316	711	2969	1372	3695
5828	5829
5993	5994
1797	347	2067	2068	2070	4739	2074	2882	2075	1658	3905	2077	2079	2082	2083	1817	4449	2085	2087	2405	1969	2092	2100	3653	5105
5787	5788
7	352	478	605	641	670	719	1030	1031	720	1032	1033	1034	1036	1037	1039	2994	2562	2998	3775	4415
2665	1678	5146
483	488	1201	1248	4749	3447	5695	986	764	5747	3735	3739	5748	3940	5749	5750
4531	4532
776	3	778
3919	5815
807	3290
5676	5677	5678	5679	5680	5681
4373	4645	6092	5078
1618	4194	4336	2385	2386	4337	5727
5602	2397	5603	5641	5604
1294	2776	1891	2084	3137
328	1360	346	1429	393	478	488	915	1335	1441	1444	1447	1947	1948	3470
6212	6213
3642	5581	6155	6156	6157	6158	6159	6160	6161	6162
122	437	500	514	1361	1053	1364	913	3754	3937	4340
356	435	2847	2887	2889	5715	5716	5717
781	201	846	259	800	206	213	318	1222	2837	1073	1082	2583
4311	4741	4742	5291
5650	5651	5652	5653
3481	5261
6312	6313
914	3861	4428
5899	5900	5901	5902	5903
3601	1235
3119	413	590	1615	3715	3817	3818	5728	3819
99	100	1568	1569
3660	4654
566	644
2064	2065
200	1136
104	423	495
476	510
559	3400
2848	5685
352	409	2572	2574
982	4328
241	3598
4715	4716
1987	3277	4018
6274	6275
559	1663	2999
52	1086
192	1162	4770	3971	3972	5763	3962	3973	3974	5841	3975	3976	3977	3978	3980	3981	4771	5842	4772	5837	5843	5844	5845	5846	6140	98
1233	1238	5316	765	3096	5776
4533	4534
6143	6144
346	1947
1156	3511
5319	5320	6195
203	2393
4875	6152
342	534	674	1773
6001	6002
6	1150	420	988	990	3042	991	4295	993	994	995	996	997	999	1002	1004	1008	1010	1012	1014	1017	1024	1025	1026	4290	3043	3044	3045	3049	3050	3155	3157	4052	4292	4297	4332	4298	4301	4302	4303	4304	4333	4329	4330
326	331	368	373	514	677	706	711	958	907	980	1288	1383	1411	1413	2571
4779	1944
6150	6151
5544	5545
3915	4388
1206	4443	4444
5597	5215	5777
4545	4546	5605
312	217	1209
784	1308
338	369
599	1382
256	257
3476	4725	4866	5047	6148	6149
6113	6114
3877	5953
6057	6058
1105	830
6043	6044
5040	5619
4296	4868
663	3909	1925	1614	3912	4568
167	1561	1254	1086	2474
323	224	4557	4558
294	307	3815	4394
1114	5784	4023
5634	5635
2531	4191	5366
1391	4198	4199	4200	4201
940	3675	791
1145	829
82	28	234	315
70	495	959	1121	2415	2180	3373	4576	4577	4578	4579
3181	3666
5822	5823
1892	5318
2866	2867	2868	2869	2870	2564	2872	2874	2875	2876	2877	2878	2879	2880	2881	4989	5281	4976	5282
339	121	400	431	459	487	585	613	965	2674
1486	4359
371	220
4948	4950	4951
3116	3117	1320	3456	3458	3459
5011	4000	5156	5012
1670	5163
2026	4423
4501	5950
2041	1652	572	2541	2042	1833	1572	2043	2044	2543	2544	2939	1090	3765
810	2901	4005
272	247
271	1101	1150	410	622	964	717	1495	1497	1498	1499	1318	1503	1504	1505	1506	1508	1509	1510	1511	1512	1514	1515	1516	1517	1518	1519	1520	1522	1523	1524	1525	1526	1527	1529	1530	1531	1532	1534	1535	1536	1537	1539	1540	1541	1542	1543	1546	1547	1549	1982	3144	1551	2344	1552	5035	5037
1989	5734	5772
6082	6083
3498	636	3499	3500	5050	3501	3502
226	4683
6193	6194
3724	4082
5595	5596
149	935	483	544	190	3019	3901	4662	1371	4099	1712	2978	3399	3730
2559	1979	3207	2566	4312
391	1605	1947	1957
6011	6012
2550	4708
5780	5781
346	939	597	1947	2097	3602	3862	3732
872	3190	3191
72	1457	1475	2440	2441	2498
242	2561
39	2270
1862	1818	4628	5933
4509	4510	6086
2	327	328	117	125	408	415	939	442	467	478	537	568	597	638	649	659	682	684	691	702	972	1366	1282	1331	223	1284	1297	3002	3320	1343	1356	3621	3013	3602	3572	3654	3928	3729	3929	3930	3931	3932	3933	3934	3935	3936	5955
1448	2563
1	327	900	360	116	124	129	393	415	1325	1326	442	480	547	549	659	660	220	689	691	819	710	956	957	972	1329	911	1046	924	3667	1370	1290	2972	3002	1333	1336	1338	1339	1340	1341	1342	1343	1345	1346	1347	1447	1538	3673	2394	2862	3656	2721	3098	3099	3266	3424	3381	3904	3908	4795	4314	3396	4793
3163	4686
314	2584
3240	3206	3590	3591	3592	3593	4985	4986	4987	4988
263	265	3961
1582	4462	6075
5946	5947
6073	6074
1789	1117	1790
128	391	1585	3403	1605	1947	1957	3406	3407	3408	3409	3410	3413
5704	5705
1226	1478	1479	1482	4081	4259
123	127	141	411	528	530	610	654	889	951	1337	1350	3165	1586	748	3356	828	2066	3622	3716	3610	3850	3382	4266
5682	5683
6191	6192
339	1604	439	1275	732
2448	6328
5686	5687	5688	5689	5690
1377	3516
119	120	1245	1246	3348
3039	3219	3220	3221
5940	5941	5942	5943
101	276	279	293	1230
2577	2581
5378	2552
1760	1761	1762	1763	785	1319	3476	1764	1765	1766	1767	1768	2368	4866	4867	6149
5648	5649
4512	4513	4514
3058	4642
4800	4801
1830	1904	1844	1800	4602	1847	1832	4468	1833	1853	1860	4840	4858	4859	1834	2655	1804	1961	1835	3419	4848	1854	1836	4860	5177	5164	1837	1962	5165	3800	5178	4862	1984	2410	5179	3409	2411	4863	4850	4876	4873	4847	5180	5181	5166	4851	4861	4877	5182	5183	5184	4864	5328	6063
4597	4598
1274	3589	712	2158
575	3454	1633	3812
4254	4511
178	15
5136	4271
101	203
4763	2602
5865	5866
2578	2586	4698	4699
3263	1393	3288	3289	5849
173	639	711	3092	2527	3738
1333	4782
4507	831
5578	6220
175	323	1223	1225
1158	3997
899	342	354	242	477	495	617	637	671	701	194	1315	711	3139	2104	1260	3878	1261	1775	1696	2589	2416	4630	3879	1284	1285	1402	1410	1412	1415	739	1980	3713	1648	1601	2187	1673	2593	3925	1779	2594	3683	1812	1814	1780	1249	4535	1822	3947	1955	2105	2977	757	3379	2597	2979	2598	3948	4552	3880	2600	2601	2603	2604	2605	2606	2607	2409	2610	2611	2980	4389	3161	4374	4432	3572	4657	3906	4536	5209	4405	3950	4658	3738	4433	3719	3725	3726	3746	4547	4537	3852	3881	4375	3951	3952	3953	3954	4659	4376	4324	4363	4377	4378	4777	4538	4539	4541	4542	4664	4665	4761	4762	4434	4543	930	4544	5691	5951
1940	3204	5821	4887
118	462	885	1199	308	3343
653	1612	3900
330	132	413	446	563	592	593	621	679	700	945	1247	3791	1671	1675	1606	1679	3857	3370	3789	1608	3393	3942	3820	3858	3859	3802	3803	3824	3821	3822
11	327	934	112	360	116	124	127	129	145	146	412	1325	1326	442	456	526	548	549	568	588	625	660	684	689	691	1329	1579	911	3667	1290	1333	1336	1338	1339	1341	1342	1343	1346	1347	1538	3673	2394	2862	2525	2721	1656
5449	3806
1631	3497
3057	832	2393
1270	1115	4027	4028
3606	4314
6317	6318	6319	6320	6321
5645	5646	5860	5861
1697	4656
1153	3251
5847	5848
1638	3816
1617	1823	901	1825	1826	1827	1828	1865	1815	1881
389	1273	639	1324
335	1141	540	665	1615	1787
706	4083	5141	5142
372	1265	5187
4033	3071
6046	6047
691	972	1370
494	3743	1369	1640
5912	3893	5913
567	3242	3804
1468	4085	5586
1650	5131	5132
1164	4525	4526
5960	5961
1266	1839	1840	1295	1842	1843
707	4224	5253
3080	3483	5879	3484
346	124	1947
6210	6211
1565	2473
6284	6285
1565	2472	2473	1086	1981	2474	2475	2476	2477	2478	2479	4709
5489	3939	5490
1264	4554
6257	6258	6259
647	1432	3827	2893	3602	3862
561	2416
1148	2903	1769	2946
101	103	14	230	183	1388	311	799	317	805	277	279	810	1161	814	290	1977	306	3179	2116	3183	3186
333	543	3791	1607
328	1446
3849	4521	4268
3038	5426
3243	4463	4465	4466	5840	5390
4610	4612	5868
5353	5354
5414	5548	4080	834	6099	5869	5549	5870	6100	5871	6101	6102	6103
264	897	3963
367	710	2072	1066	1284	3017	3018
541	570	599	676	692	3427	3083	1664	3807	3630	5098
783	204	1271	281	2155	2157	1740	1754	1759	2141	2143	4799	3299	3300	3301	3302	5455
1242	1600
3429	3781	4952
639	795	3205	2096	5170
2025	2027	2028	2029	2030	2031	2032	2033	2034	2035	2036	2037	2038	2039	2542	5399	5400	5398	5401	5402	5403	5397	5404	5405	5406	5407	5408	5409	5410	2040
3241	1833	4852
327	328	933	346	124	125	397	399	408	416	445	458	467	491	495	496	505	515	535	549	551	576	591	597	607	615	630	638	153	660	661	673	705	1327	2071	707	948	957	969	716	2967	1485	1280	1182	3371	915	3317	1775	1923	1924	3375	3092	2914	2416	3376	1236	2971	733	734	1386	2073	1334	1351	1355	1437	1441	3751	3748	3429	1641	1605	2665	3710	3384	2186	4357	3405	3323	1229	1265	3846	1578	2420	1783	3503	1935	1387	1936	1947	1951	1956	2093	3887	2627	3007	3208	3331	4321	4078	3785	2863	3700	3013	3602	3668	3015	3949	5338	3890	3415	3378	5162	3411	4327	3438	3891	3847	3653	3808	3828	3736	3741	3892	3829	3830	3894	3895	3896	3897	1071	3953	4427	4358	5932	3441	3831	5146	5297	5779
4562	4486
22	29	33	58	59	1487	2356	74	89	252	1455	2000	2262	1254	2202	1075	1194	1211	2203	2007	2204	1926	2433	1086	2182	1981	2278	2183	2184	2489	3062	2222	1088	2234	2230	2188	2231	2357	2283	2263	2223	1255	2237	2438	2239	2221	2224	2441	2492	2240	2243	2494	2497	2469	3565	2458	2500	4202	2474	4381	3596	2503	2364	4705	3064	4955	4383	2504	2355	2506	4706	2446	2510	4709	4711	4765	2511	5079	5370	5607
2414	3674	4464	4519
749	752	2526
1653	401	403	815	708	921	3453	2565	3889	2986	763	3014	5744	5745
5706	5707
3679	3362
355	624	1774	1297	2852
178	251	2293	5072	2226	3555	3556	3558	3559	3560	3561	3562	3563	5577
499	220	709	4410	735	4599
391	1585	1605	3327	1947	5325	3407
461	3706
2050	5128	1655	3389	2052	5201	5202
6138	6139
6080	6081
5259	5260
1873	2532	878	2534	2535	2536	888	2538	2540	844
5565	5566
346	108	1146	356	389	135	398	425	459	469	479	506	521	545	630	637	704	955	970	910	920	1925	1430	4222	1603	1663	1934	3087	1935	1947	2396	2572	2887	2892	2894	3744	3767
173	375	383	677	1288	1299
346	1947
4574	4745	2551
3380	3836	5922
775	1107	3982	833	3985
5758	5759	5760
5956	5957
5323	5324
1096	1104	1631
782	2023
2367	4124	5555
5801	5802
5906	5908
395	659	702	3423
1376	2090
1303	2842	882
5556	5832	5557
331	1143	1313	419	635	3234	2560	3235	3084	1680	1577	1578	3236	3237	3238	3239
6288	6289
5348	5349
4681	4682
331	341	434	468	1055	4643	737	4409	2625	3398	4750	4752	3652	3680	4644	4754	4755	4756	4757	4758	4759
2449	2450
1061	4315
876	1312	1998
813	1394
5468	5469
5440	5441
6087	6088
6286	6287	6314
4580	4581
434	3680
3702	5924
1389	1270	2839	4408	3252
4364	3145	5150
1862	5294	4628
3170	284	3242	1286	3866	3626	3627	4007	4008	3171	5257	4411
6243	6244
369	1284
1913	5382	5383
2790	2804
6	9	989	990	4289	995	997	1001	1003	1005	1006	1007	1009	1010	1011	1013	1015	1016	1018	1019	1020	1021	1022	1023	1026	1027	3672	1040	3046	3048	3051	3052	4291	1028	4334	4299	4300	4331
179	267
1395	3465
1777	3428	2376	3870	3168	4594	4595	5189
4606	4607	4608	5000	5001	4609	4611	6078	5002	5003	5004	5005	5006	5007	5008	5009	5010	5714	5867	6079	6164	6165	6163
1959	1845	1292	1294	1409	1806	2769	2771	5193	1889	1890	2854	1891	2778	1893	2781	1894	2784	2785	2786	2787	4729	1850	1852	1964	1900	1965	1967	1971	2091	2094	2099	4730	2858	4731	1902	4476	2803	2811	2812	4477	2817	3137	2819	2821	2822	2824	2825	2829	2830	761	3687	2835	2859	3688	4732	4733	4734	4735	5087	2860
101	86	214	113	387	390	3605	2174	1113	2110	2112	222	825	292	295	298	300	302	303	2114	2115	3181	3146	2117	2118	2119	2120	2121	2122	227	2123	2126	2128	2129	2132	2133	3061	3286	3615	3616	3617	3618	3882	4354	2134	5910	98
4870	4871
6238	6239
584	1571
1050	3232
1966	5361	5362	5363	6098
6176	6263	6177	6178	6264
4	902
181	188	381	881	892	1323	3467
3854	1901
2136	5450	5451	5452	5453
346	1947
345	1885	1423	1424	1888	1868	2776	2777	1891	2404	1884	1899	4603	4853	3633	4854	4855
806	3180
6119	5836
4555	4556
1929	3450	5081
5970	5971
1450	3512	3513	6265	5894	6266
5299	5300
767	83	796	212	817	820	822	823	824	3059	3060	836	4238	4803
5789	6076	5790	6228
792	902	124	856	3225	4418	1284	2619	1778	1809	5094	3364	3233	3482	3358	3955	4738	5497
346	391	427	558	304	1585	1605	1229	1947	1957
389	960
3607	5911
816	4237
78	91	93	95	3079
1228	4520
346	1922	2841	1359	1945	1947
4842	4843
5480	3369	5854
1427	3659	3660	4654	3662	4655
6048	1091
3279	1284
2549	5880
117	3329	2388	2066	1070
4083	4084
6217	6218
1912	4113	5307
4003	4010	4004
3608	3033
3215	5701
2675	929
847	2557	405	429	430	610	220	962	718	1035	726	4341	3841	1706	1941	3677	3510	3678	3842	3843	3844	5364
1153	2191
861	818
1302	3161
3825	4661
5422	5423
609	1383	2571
333	1652	3669	450	495	504	520	572	639	916	867	4561	1776	3143	2197	1067	1414	1323	1654	3449	1572	1594	1670	1986	2544	4703	1250	3809	2556	3166	4679	5093	3759	3760	3167	3381	3247	3761	3762	3763	3764	3383	3765
1597	1604
1094	5874
1142	1856	1859
191	269
801	2864	2865
1397	4714
354	501	554	2103	2104	3755	2886	3756	3757	5945
640	1110	1684	891	952	1191	4458	1309	3682	1668	3884	3885	3737	2171	2573	3169	3819	3663	5158	5159
334	715	1611	4751	4753
1464	2192	3264
5416	3448
1738	1744	1750	5219	5262	5270	5264	5265	5266	6173
1501	1507	5036
87	1528	2955	2956	1729	2957	2958	2959	2960	2961	2962	2963	2964	2965	2966	5486
6135	6136
495	675	1932
3324	4319	3437	5167	5168	5169
2102	1284	1285	4663
15	174	17	1165	2151	26	167	1168	1169	254	1455	1179	1458	1180	1567	1185	1186	1189	1202	1204	1205	1208	1211	1214	1215	1219	1221	1310	1086	1461	1462	1467	1470	1473	1476	3566	1730	2223	2220	4384	5216
516	517
5373	6219
6247	6248
4625	4626
508	556	562	600	616	629	643	687	693	3164	2992	3799	3091
6130	6131
1652	2543	2544
391	3408
5761	5762
79	181	2	899	340	343	877	272	346	350	235	111	359	377	1405	1920	902	1170	117	138	139	851	853	216	936	412	416	422	423	427	433	436	439	443	444	457	495	507	512	523	525	527	533	551	555	558	559	573	581	583	615	618	620	278	643	658	220	666	672	675	680	690	691	1176	941	779	706	194	707	883	885	949	950	906	715	963	972	975	984	1575	304	2843	723	724	1366	910	912	917	918	919	1057	1064	1619	1123	1047	4515	3278	1264	3375	3092	2970	3376	1236	1293	733	1373	1374	1378	1385	1583	3029	1244	1352	1443	3016	1805	4435	1573	1591	4504	1643	744	2659	2661	1602	1595	1605	2983	4846	3321	3515	3385	3924	2376	1673	2862	3698	3205	1660	1663	926	1677	2545	2395	2198	3432	2679	1984	1703	1869	1387	3629	4632	2885	1937	1938	1946	1947	1953	985	2095	2977	3222	3721	5329	3377	1709	3856	2599	4223	3035	4195	2699	2985	762	1651	3644	2764	3344	3349	4317	3864	1252	3572	5834	3333	3374	5338	3334	3336	3337	3339	3340	3341	3350	5448	3416	3026	3436	3439	4001	4849	5188	5310	5931	3853	3946	3865	3914	1071	3441	5155	4318	4554	5298	5174	4680	3771	6033	3611	5782	6034	4412	4251	3027
1110	716	3231	4672	3283	4673	4674
157	770	1416
643	644
1099	2140	2142
251	3557
1	5	145	651	1052	728	3898
1302	3161
6234	6235
925	1661
343	433	715
577	5360	3813
1807	3722	3603
5816	6236
4956	4957
938	1281	3628	4339
178	248	46	387	249	250	253	1306	1307	2249	2867	1310	2296	3174	2279	4981	3526	3517	1489	1490	1491	1140	2153	2162	2163	1988	2320	3293	3527	2497	4279	4983	2323	2298	5495	2326	2299	2330	2334	2335	2301	3528	3529	3519	5057	3520	2302	2303	2304	2419	3531	3532	3209	3521	3522	3523	3524	3525	3534	3536	5895	3537	3538	3539	3540	3541	3542	3543	3544	3545	3546	3547	3548	3549	3551	3552	4964	4965	4966	4967	4968	4969	4984	5584	5064	5550	3554	5585
329	1556	1557	1559	1560
92	237	3223
5570	5571
156	1253
5661	5662
346	1926	1947
2585	3138	5785
5919	5920
519	1240	3774
6035	6036
6084	6085
6124	6125	6126
3600	833
472	710	1038	1066	1284
1224	4287
5600	5601
5995	5996
346	124	947	1432	3846	1942	1947	1950	3827	2893	3470	4429
2185	5049
5855	5856
1109	4013
1488	777	177	3307	1077
5487	5488
5197	5198
347	2074	2076	2078	2080	1895
130	1049	3363	3365
3625	3718	3626	3627
6094	6095	6237
196	3682	4260	5107	5108	5925	6174	6175
6028	6029
542	653
535	1572
507	685	984	1043	1293
1226	798	109	322	1478	1479	1480	1087	1481	1482	1483
4527	4528
6059	6060	6061
1349	4796
4438	4439
848	3175	5082	1985	5642	5041	6134	5042	5043	5044	5045	5046	5083	1993	5896	6170	6171	6172
502	266
5702	5703
3801	5948
262	2473
848	2347	3150	3177	5558	3055	6329
738	4760
4652	2871	4653	5442	5443	5444
5756	5768	6093	6132	5757	6133
2164	3132	3134	3298
346	917	1058	1947
272	1808	2853	1896	1870	761	5342	5343
3101	1721	2248	4518	1723	4062	1687	1911	5228	2168	3282	1756	5391	4177	4219	3284	4065	4636	4067	4718	4113	4114	3196	5223	5667	4880	5551	4425	5460	4221	4413	5276	4036	5230	5222	4037	4038	5088	5305	4181	4042	5552	4043	4182	4183	4045	5211	4689	5830	5089	5212	4257	4139	5975	4404	5204	4350	5630	5462	5091	4046	5277	5308	5231	5631	5465	5467	5392
1264	4554
1874	5311	5312
539	755
859	286	2279	2323	3462	3568	3464	5580
200	1136
4097	4098
4100	4101	4102	4103
971	1639	2668	4305	2412	2567	5330	3332	4316	3162	4323	3927	3686	5331	5332	4325	5333	5334	5335	5336	5337
602	3028	3397	4781	3011	5357	5358	5359
5963	5964
172	210	228
5367	6027	5431	5368	5369	6186	6187	6188	6206	6283
1	5	1267	400	525	580	618
3355	766
3623	3907
3188	3189	5809
432	539
51	2342	2343	2344	5573
325	913	1048	1237	1240	3793	3774	4506
11	327	344	354	356	124	408	451	452	497	507	511	546	549	576	605	627	630	650	670	685	983	984	1034	1367	1054	1060	2588	1436	3506	3509	3938	3794
4024	5419
6221	6222
287	2279	2325	2333	2335	2363	3524
6249	6250
394	903	3421
3711	5927	5928
911	3888
2178	4204
1269	2555
2393	5639
4453	4454	4455	6024	4456
2398	2399
6196	5496	6214
475	552	655	707
1221	2229
898	2225
3192	865	1791
1076	2047	6145
4712	5292
6040	6041
3345	1792	1298	4294	4369	756	2548
1441	3390
1135	4505
1906	4635
1698	4780
107	363	427	513	1644	1646	1649
438	578
5826	5827
680	751
2968	1322
4255	6026
154	5	310	362	187	140	402	406	414	189	473	219	586	623	646	657	662	699	905	714	953	954	843	963	976	977	978	979	981	1127	2990	3614
533	707	1659	1660	4835	5203
3504	4548
1427	3661	3662
3693	3692
601	919
3998	5962
1643	3008
80	163
5420	5421
5393	5394
6127	6128	6129
331	389	582	220	960	1577	1578	1943	3268	5233
5395	5396
2323	3462
6260	6261	6262
4746	4747
3786	5944
769	3213
2019	2010	2444	1092	2447	2448
4421	4601
6009	6010
185	880
1146	2051	2849	3696	5412
65	2371
3097	4613
5997	5998
114	420	466	560	635	707	3265
3910	5347
101	208
683	917	2197	2066
4430	6062
285	4014
2519	2520	316	2521	2522	2523	2524
6007	6008	6256
6031	6032
614	3851
4743	6120
1321	1784	1785	5289
335	419
2109	4021
721	1381	2421	3750	4677	4406	4678	4407
145	407	564	1041	907	966	1278	1044	3314	3315	3316	923	1059	1442	2984	3353	3033	3795	987
103	1095	2553	1098	205	805	849	1106	1112	784	1125	2554	3772
202	315	725
2199	3354
2765	5835
894	5493	3717	3723	4269	5145	5494	5937	5938
4670	4671
78	81	179	88	90	91	93	94	95	1426	237	261	239	240	243	244	2111	245	268	246	2905	1311	2575	3079	97	3066	3597
446	487	2530	1665	2993	3366	744	3022	1662	1858	3694	3415	4753	5190	4666	4856	5753
418	571	628	632	3612	741	3679	3362	4445	4446
105	366	852	943	1328	944	1928	1642	3004	3784	928	2546	2985	3814	3267	3036
2844	3229	4540
1683	4053	1685	1689	5153	5154
37	860	3269	931	3514	932	3474	3475	2587	3634	5283	2267	5606	3635	3477	3478	3479	3480	3636	3637	3638	3639	3640	3641	3979	6104	4605	5916	5574	5915	5914
5674	5675	6223
5314	5315
1674	1610
1271	2156	826	2135	1740	1759	2139	3299	3303	3304	3305	3306	4797	4798	5267
104	1051	360	361	125	145	423	424	2558	436	486	499	546	597	607	612	153	660	689	708	948	1366	1062	1065	2987	1378	1333	1348	1354	1855	3023	2066	2721	2863	3024	2982	3792	2988	2989	3391	4416
1632	5127
1146	691	972
1155	461	2622	3705	3655	3707
1187	1131	4440	4441	4424	6039
336	1630	793	4192	1635	4229	3956	1636	5109	1632	5110	3957	5127	5133
3326	2090
1111	4022	5968
597	2416	3742	3397
1298	3788	4669
2451	2482	871
4845	1094	5875	5876
3810	4245	5751	5752
1157	717	3959	5214	4335
117	570	1595	3630
1471	2488
379	3118
1099	818
3457	3463
1	5	374	382	453	557	567	645	655	707	2995	3431	3086	2999
867	4529	4530
1420	345	1421	1422	2776	1891	1425	4483	4736	4737
3319	484	604	221	787	3367	3093	789	5130
3967	5786
69	2382	2384	5638
899	258	792	215	3643	1770	426	597	696	1694	1041	1042	794	2617	2618	1613	2619	1584	2620	1419	2621	2623	1715	1676	2624	2149	2595	2626	2627	758	2628	2629	2630	2631	2632	2633	2634	2635	2636	2637	2638	2639	2640	2641	2642	2643
5340	5341
4296	5245	4869
74	89	167	1254	1086	1981	827	2223	2062	4709
5979	5980
1133	4841
3422	5767	5810	5811	5893	5812	5857
2392	5067	5425	5967
3443	1078	3065	3444
722	3776
6042	4823
117	495	504	1572	3247
346	2533	495	3713	1931	3404	4015	1945	1947	3834	3335	3412	5147	5148	5149
1657	1070
1126	4493
3345	4293	3346	3613	756	3090	5096	5097
556	3798	3085	4977
16	233	1151
6141	4886	6142
380	117	393	457	510	673	974	1056	1440	1441	3347	3461	3160	3733	4806
50	656	1118	868	2336	2337	2338	2339	2340	2341
857	3460
1448	2563	4807
346	1947
4252	5445	5446	5447
1405	117	457	1595	3328	3330	3342
280	3758	3999	4459	4461
1501	1550	5038
866	786
386	3249	3250
185	1983
3312	3313
1	358	1580	536	1591	1588	2883	2974
3009	5746
5917	5918
112	145	152	678	682	2195	922	1068	1442	1521	747	4784	4785	3712	3773	4786	4787	4788	4789	4790	4791	4792
6215	6216
1717	41	42	64	92	1149	3217	3989	1684	2365	1719	1974	1905	2276	4104	1978	4517	4105	2416	4060	4688	1723	4634	1907	4107	1724	1908	1909	1620	1910	3990	1624	1686	1688	1691	1727	5073	4033	5213	1731	1911	1733	4878	2272	2168	3883	4109	4717	1734	4110	1735	1736	2273	1737	1739	1745	1746	1747	1748	1752	1753	1755	1758	1952	1914	1915	1916	1917	1919	3067	4064	4219	4879	4066	2274	4085	5227	5594	4111	4112	5620	4113	4114	2369	2370	5386	4115	5664	4068	4402	4889	5667	4034	5022	4086	3102	4220	4087	4343	5460	4088	4116	5721	4059	5722	4118	4069	3068	4178	4119	4120	4121	4890	5222	3069	3070	3072	3074	3075	3076	3078	3103	3104	3105	3106	3182	4122	3154	3158	4694	4637	5598	4124	3991	4089	5218	3218	5379	5272	4990	4638	4179	4125	3992	4038	5723	5889	3577	4126	4127	4128	4180	4039	5724	4881	4090	4040	4690	5350	4695	4041	5074	4129	5113	3993	3994	4009	4130	5114	4132	5239	4091	2471	5115	5718	5773	5279	4692	4893	5224	4949	4044	5116	4882	5385	4092	4689	5384	4344	5220	4748	4950	4639	4134	4991	4072	4073	4075	4076	5023	4093	4094	4095	4895	4135	4896	4136	4137	4138	4140	4141	4142	4143	4144	4145	4146	4147	4148	4149	4150	4151	4152	4153	4154	4155	4156	4157	4158	4159	4160	4161	4162	4163	4165	4166	4167	4168	4169	4170	4171	4172	4173	4174	4175	5608	4992	4640	4719	4897	4720	5629	4898	5026	4185	4186	4187	4188	4721	5210	4722	5666	4899	4217	5791	6021	4403	4900	4723	5553	4901	4345	4346	4347	4348	4349	4351	4352	4902	5991	4641	4883	5117	4904	4629	5206	5665	5719	5481	4884	5024	5990	4905	6006	4724	5027	4693	5775	5792	4993	5457	4906	5554	4907	4908	4909	4910	4911	4914	4915	4917	4918	4921	4924	4927	4928	4930	4932	4933	4934	4935	4936	4937	4938	4939	4940	4943	4944	4945	4947	5839	4994	4995	5028	5029	5030	5387	5090	5273	5076	5077	5388	5119	5120	5121	5804	5208	5221	5463	5464	5720	5999	5819	5793	5632	5458	5466	5459	5609	5613	5794	5795	5888	5725	5726	5796	5831	5797	5798	5816	5817	5818	5836	6025	5973	5974	6000	5976	5989	6003	6005	4077	6115
6096	6097
159	869
6229	6230
2483	4651
1053	4338
743	4728
5103	5104
390	3278	225
4053	4253
572	1986	3759	3763
6146	6147
56	136	144	427	489	579	633	2352	3780	1786	3624
2576	2579	2580	2582
1399	106	355	1102	1400	588	703	909	4564	1401	3645	736	1239	925	3386	3646	2609	3647	3648	3649	3650	1403	3651	4567	4726	4727
151	518	688	908	1382	3003	3402
30	2253
1154	3445	3446
498	538
1234	218	417	426	3418	3958
3709	2179	3346	3816	4563	5096
2046	5838
4970	4971	4972	4973	4974	4975	6154
2537	4342	5199
