3497	11438
0	1
0	2
0	3
0	4
0	5
0	6
0	7
0	8
0	9
10	11
10	12
10	13
10	14
10	15
10	16
10	17
10	18
10	19
10	20
10	21
10	22
10	23
10	24
10	25
10	26
10	27
10	28
10	29
10	30
10	31
10	32
10	33
10	34
10	35
10	36
10	37
10	38
10	39
10	40
10	41
10	42
10	43
10	44
10	45
10	46
10	47
10	48
10	49
10	50
10	51
10	52
10	53
10	54
10	55
10	56
10	57
10	58
10	59
60	61
60	62
60	63
60	64
60	65
60	66
60	67
60	68
60	69
70	71
72	73
72	74
72	75
76	77
78	79
78	80
78	81
78	82
78	11
78	83
78	84
78	85
78	86
78	27
78	36
78	87
78	88
78	89
78	90
78	91
78	92
78	57
78	93
78	94
78	95
78	96
78	97
78	98
78	99
78	100
78	101
78	102
78	103
78	104
78	105
78	106
78	107
78	108
78	109
78	110
78	111
78	112
113	1
113	80
113	4
113	11
113	62
113	114
113	115
113	116
113	117
113	118
113	119
113	120
113	121
113	122
113	123
113	124
113	125
113	126
1	73
1	2
1	4
1	6
1	8
1	127
1	128
1	129
1	62
1	130
1	131
1	132
1	133
1	83
1	134
1	135
1	136
1	137
1	138
1	139
1	140
1	141
1	142
1	143
1	144
1	145
1	146
1	147
1	148
1	149
1	150
1	151
1	152
1	153
1	154
1	155
1	156
1	157
1	158
1	159
1	160
1	161
1	162
1	163
1	164
1	165
1	119
1	166
1	167
1	168
1	169
1	170
1	171
1	172
1	173
1	174
1	175
1	176
1	177
1	178
1	179
1	180
1	181
1	182
1	183
1	184
1	185
1	186
1	187
1	188
1	189
1	190
1	191
1	192
1	193
1	194
1	195
1	196
1	197
1	198
1	199
1	200
1	201
1	202
1	203
1	204
1	205
1	206
1	207
1	208
1	209
1	210
1	211
1	212
1	213
1	214
1	215
1	216
1	217
1	218
1	219
1	220
1	221
1	222
1	223
1	224
1	225
1	226
1	227
1	228
1	229
1	230
1	231
1	232
1	233
1	234
1	235
1	236
1	237
1	238
1	239
1	240
1	241
1	242
1	243
1	244
1	245
1	246
1	247
1	248
1	249
1	250
1	251
1	252
1	253
1	254
1	255
1	256
1	257
1	258
1	259
1	260
1	261
1	262
1	263
1	264
1	265
1	266
1	267
1	268
1	269
1	270
1	271
1	272
1	273
1	274
1	275
1	276
1	277
1	278
1	279
1	280
1	281
1	282
1	283
1	284
1	285
1	286
1	287
1	288
1	289
1	290
1	291
1	292
1	293
1	294
1	295
1	296
1	297
1	298
1	299
1	300
1	301
1	302
1	303
1	304
1	305
1	306
1	307
1	308
1	309
1	310
1	93
1	311
1	312
1	313
1	314
1	315
1	316
1	317
1	318
1	319
1	320
1	321
1	322
1	323
1	324
1	325
1	326
1	327
1	328
1	329
1	330
1	331
1	332
1	333
1	334
1	335
1	336
1	337
1	338
1	339
1	340
1	341
1	342
1	343
1	344
1	345
1	346
1	347
1	348
1	349
1	350
1	351
1	352
1	353
1	354
1	355
1	356
1	108
1	357
1	358
1	359
1	111
1	360
1	361
1	362
1	363
1	364
1	365
1	366
1	367
1	368
1	369
1	370
1	371
1	372
1	373
1	374
1	375
1	376
1	377
378	3
378	129
378	379
61	73
61	79
61	80
61	4
61	127
61	380
61	381
61	382
61	129
61	85
61	21
61	116
61	383
61	119
61	384
61	385
61	241
61	386
61	94
61	387
61	388
61	389
61	390
61	391
61	392
61	393
77	79
77	394
77	115
77	395
77	233
77	242
73	79
73	4
73	396
73	56
73	397
73	398
73	69
79	80
79	4
79	127
79	128
79	380
79	381
79	11
79	382
79	129
79	399
79	394
79	396
79	56
79	116
79	400
79	152
79	153
79	401
79	171
79	384
79	402
79	403
79	404
79	92
79	405
79	406
79	197
79	407
79	408
79	409
79	386
79	94
79	410
79	411
79	69
79	392
80	127
80	11
80	382
80	129
80	62
80	412
80	413
80	414
80	415
80	416
2	4
2	11
2	130
2	132
2	133
2	134
2	138
2	140
2	141
2	417
2	84
2	145
2	52
2	152
2	156
2	157
2	160
2	162
2	167
2	418
2	177
2	190
2	195
2	196
2	419
2	197
2	207
2	212
2	215
2	216
2	218
2	229
2	237
2	246
2	249
2	256
2	275
2	287
2	289
2	294
2	296
2	316
2	319
2	343
2	347
2	350
2	420
2	421
2	422
2	353
2	423
2	424
2	425
2	426
2	427
2	428
2	429
2	430
2	357
2	431
2	111
2	432
2	433
2	434
3	396
3	27
3	147
3	383
3	119
4	5
4	62
4	130
4	131
4	132
4	133
4	83
4	136
4	137
4	138
4	141
4	13
4	144
4	145
4	146
4	147
4	148
4	149
4	150
4	151
4	152
4	153
4	155
4	156
4	157
4	158
4	159
4	161
4	88
4	163
4	164
4	165
4	166
4	168
4	418
4	169
4	170
4	171
4	174
4	175
4	177
4	179
4	180
4	435
4	182
4	184
4	186
4	187
4	436
4	190
4	191
4	192
4	193
4	194
4	195
4	196
4	197
4	198
4	437
4	199
4	200
4	201
4	202
4	204
4	438
4	205
4	439
4	207
4	208
4	209
4	440
4	210
4	211
4	212
4	216
4	217
4	218
4	225
4	228
4	229
4	230
4	232
4	233
4	235
4	236
4	237
4	239
4	240
4	241
4	244
4	246
4	248
4	250
4	254
4	256
4	257
4	263
4	267
4	268
4	269
4	270
4	271
4	272
4	274
4	277
4	280
4	285
4	286
4	287
4	288
4	289
4	290
4	293
4	294
4	295
4	302
4	303
4	309
4	310
4	93
4	312
4	313
4	315
4	316
4	317
4	318
4	322
4	323
4	325
4	327
4	328
4	329
4	332
4	334
4	337
4	338
4	342
4	343
4	346
4	348
4	441
4	442
4	350
4	443
4	444
4	352
4	421
4	422
4	353
4	445
4	446
4	447
4	448
4	449
4	450
4	451
4	452
4	453
4	423
4	454
4	455
4	456
4	457
4	424
4	458
4	459
4	460
4	354
4	359
4	360
4	363
4	461
5	7
5	462
5	463
5	464
5	465
5	466
5	467
5	468
5	469
5	470
5	471
5	472
5	473
5	474
5	475
5	476
5	477
5	478
5	479
5	480
5	481
5	482
5	483
5	484
5	354
6	149
6	200
6	206
6	237
6	272
6	300
6	316
6	334
6	485
6	355
6	486
6	487
6	356
6	488
6	489
6	490
6	491
6	492
6	493
7	463
7	467
7	469
7	471
8	132
8	133
8	147
8	149
8	156
8	159
8	189
8	209
8	237
8	252
8	254
8	288
8	321
8	494
8	495
8	496
8	431
8	497
8	498
81	11
81	74
81	499
81	500
81	75
81	501
81	502
127	128
127	62
127	12
127	84
127	396
127	185
127	91
127	197
127	407
127	123
127	337
127	94
127	95
127	503
127	504
127	505
127	506
127	390
127	507
127	508
127	509
127	510
127	511
127	512
127	513
127	514
515	516
128	18
128	116
128	517
128	226
128	518
82	519
82	520
82	499
82	521
82	101
380	11
380	382
380	522
380	400
380	523
380	385
380	69
381	382
381	129
381	63
381	115
381	523
11	399
11	62
11	12
11	524
11	85
11	49
11	525
11	526
11	527
11	148
11	118
11	528
11	529
11	462
11	530
11	531
11	119
11	532
11	413
11	533
11	171
11	534
11	172
11	91
11	517
11	419
11	535
11	536
11	237
11	249
11	537
11	538
11	539
11	540
11	541
11	350
11	68
11	542
382	118
382	523
382	413
382	126
382	543
382	506
382	390
129	62
129	115
129	116
129	500
129	120
129	186
129	122
129	210
129	94
129	476
129	544
129	392
399	147
399	529
399	545
546	547
546	548
546	296
546	351
546	549
546	550
62	130
62	551
62	67
62	500
62	552
62	119
62	553
62	554
62	532
62	555
62	556
62	557
62	558
62	559
62	560
62	561
62	562
130	563
130	141
130	56
130	151
130	157
130	159
130	418
130	192
130	200
130	208
130	267
130	271
130	282
130	309
130	336
130	423
131	132
131	133
131	136
131	137
131	139
131	141
131	142
131	149
131	152
131	156
131	157
131	159
131	181
131	184
131	186
131	194
131	195
131	197
131	200
131	564
131	565
131	237
131	251
131	254
131	256
131	270
131	271
131	274
131	286
131	295
131	300
131	301
131	305
131	311
131	321
131	325
131	327
131	340
131	342
131	566
131	567
131	447
131	568
131	569
131	570
131	571
131	425
131	572
131	573
131	496
131	574
131	575
131	576
131	577
131	578
131	579
131	580
131	581
131	582
131	583
131	584
131	585
131	586
131	587
131	588
131	589
131	590
131	591
131	592
131	593
131	594
131	595
131	596
132	133
132	597
132	142
132	114
132	143
132	147
132	149
132	152
132	156
132	157
132	158
132	159
132	162
132	165
132	168
132	418
132	174
132	178
132	181
132	184
132	190
132	194
132	195
132	419
132	197
132	437
132	439
132	208
132	211
132	225
132	229
132	237
132	249
132	250
132	252
132	255
132	257
132	267
132	270
132	276
132	280
132	288
132	300
132	301
132	305
132	306
132	311
132	312
132	316
132	319
132	321
132	327
132	328
132	339
132	342
132	348
132	494
132	350
132	598
132	420
132	599
132	448
132	423
132	424
132	458
132	600
132	601
132	568
132	571
132	602
132	603
132	355
132	604
132	605
132	606
132	607
132	608
132	609
132	610
132	611
132	612
132	613
132	614
132	615
132	616
132	617
394	618
394	619
394	620
621	395
621	295
621	622
133	547
133	137
133	143
133	153
133	155
133	156
133	162
133	165
133	623
133	418
133	173
133	177
133	180
133	182
133	189
133	195
133	200
133	205
133	564
133	211
133	225
133	237
133	244
133	246
133	254
133	256
133	264
133	267
133	270
133	271
133	274
133	275
133	278
133	293
133	295
133	301
133	312
133	314
133	316
133	318
133	319
133	321
133	327
133	328
133	334
133	339
133	342
133	348
133	494
133	598
133	424
133	601
133	570
133	428
133	111
133	624
133	609
133	625
133	577
133	582
133	592
133	626
133	627
133	628
133	629
133	630
133	631
133	632
133	633
133	634
133	635
133	636
74	13
74	46
74	58
63	29
63	67
63	57
63	637
638	639
638	640
638	511
638	641
642	141
642	643
642	395
642	644
642	120
642	645
642	193
642	646
642	571
563	34
563	45
563	87
647	36
648	46
648	649
648	558
83	85
83	36
83	643
83	118
83	529
83	650
83	531
83	401
83	554
83	170
83	645
83	172
83	191
83	124
83	202
83	295
83	303
83	309
83	558
83	452
83	354
83	651
83	102
83	357
83	652
83	653
83	654
83	655
83	656
83	657
83	658
83	659
83	660
83	661
83	662
83	663
83	664
83	665
83	666
83	667
83	668
83	669
83	670
83	671
83	672
83	673
83	674
83	675
83	676
83	677
83	678
83	679
83	680
83	681
83	682
83	683
83	684
83	685
83	686
83	687
83	688
83	689
83	690
83	691
83	692
83	693
83	694
83	695
83	696
83	697
83	698
83	699
83	700
83	701
83	702
83	703
83	704
83	705
83	706
83	707
83	708
83	709
551	529
710	711
710	13
710	15
710	28
710	54
710	712
710	55
710	56
710	713
710	397
710	398
710	714
710	715
710	109
710	504
710	509
710	716
710	717
710	718
719	712
719	717
720	27
720	712
720	56
720	721
720	722
720	723
720	724
711	531
711	409
711	725
71	147
71	569
71	726
71	727
134	137
134	147
134	149
134	153
134	156
134	157
134	159
134	161
134	163
134	165
134	189
134	197
134	208
134	209
134	229
134	232
134	246
134	254
134	256
134	263
134	267
134	289
134	291
134	309
134	315
134	316
134	328
134	336
134	343
134	494
134	426
134	728
134	360
134	729
135	138
135	224
135	229
135	265
135	290
135	337
135	344
135	730
135	731
135	732
135	733
135	364
547	734
547	84
547	156
547	216
547	237
547	255
547	335
547	735
547	736
547	737
547	738
547	739
547	740
547	741
547	742
547	743
547	744
547	745
746	747
746	457
746	748
746	749
136	750
136	153
136	155
136	156
136	165
136	177
136	179
136	189
136	197
136	201
136	207
136	211
136	239
136	255
136	272
136	280
136	282
136	289
136	291
136	327
136	447
136	360
137	141
137	145
137	153
137	155
137	156
137	160
137	162
137	171
137	174
137	195
137	199
137	209
137	216
137	217
137	223
137	225
137	239
137	243
137	256
137	259
137	260
137	263
137	275
137	286
137	289
137	291
137	303
137	316
137	334
137	344
137	349
137	730
137	624
137	751
137	752
137	753
138	141
138	147
138	150
138	156
138	157
138	159
138	160
138	164
138	173
138	175
138	183
138	402
138	194
138	195
138	196
138	204
138	207
138	754
138	214
138	229
138	239
138	241
138	245
138	257
138	266
138	272
138	289
138	293
138	294
138	308
138	316
138	323
138	331
138	333
138	337
138	344
138	345
138	347
138	352
138	460
138	730
138	111
138	363
138	755
138	756
138	757
138	758
138	731
138	732
138	733
138	759
138	760
138	761
138	762
138	432
138	763
138	764
138	433
138	765
138	766
139	150
139	187
139	194
139	205
139	214
139	767
139	768
139	108
139	769
139	770
139	594
139	771
139	772
139	741
139	773
139	774
139	775
139	776
139	777
139	778
522	649
522	779
12	529
12	210
12	780
734	31
734	781
734	782
734	783
734	784
734	785
734	736
734	786
734	740
734	787
734	788
734	789
734	790
734	791
734	792
734	793
734	794
734	795
734	796
734	797
734	798
734	799
734	800
734	801
140	157
140	168
140	217
140	218
140	311
140	335
140	802
140	803
140	804
140	605
140	428
140	805
140	806
140	807
141	149
141	152
141	156
141	157
141	175
141	177
141	193
141	194
141	195
141	197
141	199
141	200
141	211
141	213
141	218
141	228
141	230
141	233
141	235
141	259
141	263
141	291
141	341
141	451
141	493
141	808
141	429
141	752
141	809
141	762
141	810
597	159
597	181
597	200
597	209
597	237
597	306
597	811
812	813
812	814
417	155
417	156
417	158
417	159
417	160
417	174
417	180
417	436
417	196
417	217
417	229
417	241
417	242
417	260
417	287
417	337
417	346
417	598
417	507
417	741
417	815
417	816
417	817
417	371
818	819
818	820
818	84
818	821
818	143
818	548
818	822
818	215
818	823
818	824
818	825
818	826
818	827
818	828
818	829
818	830
818	831
818	832
818	833
819	143
819	834
819	215
819	251
819	835
819	836
819	827
819	837
819	838
819	839
819	840
524	85
524	147
524	529
524	188
524	307
524	823
524	841
524	359
524	842
524	843
524	844
524	845
524	846
820	821
820	548
820	307
820	823
820	847
820	848
849	850
84	821
84	85
84	144
84	548
84	851
84	150
84	852
84	123
84	294
84	296
84	307
84	836
84	823
84	853
84	843
84	854
84	827
84	855
84	372
84	373
856	857
821	548
821	836
821	823
821	858
859	548
859	851
859	822
859	823
859	825
859	757
859	827
859	860
859	861
859	862
859	863
859	864
865	823
866	822
866	860
142	87
142	149
142	151
142	529
142	156
142	159
142	165
142	180
142	187
142	193
142	194
142	197
142	200
142	225
142	228
142	232
142	237
142	244
142	249
142	259
142	267
142	275
142	278
142	288
142	295
142	301
142	305
142	312
142	319
142	321
142	342
142	348
142	447
142	424
142	867
142	108
142	429
142	868
142	869
142	870
142	871
142	872
142	591
142	595
142	873
142	874
142	875
142	777
142	876
142	877
142	878
142	879
142	880
142	881
142	882
142	883
142	884
85	144
85	117
85	528
85	530
85	552
85	531
85	401
85	120
85	534
85	91
85	191
85	125
85	210
85	309
85	330
85	885
85	886
85	556
85	887
85	888
85	889
85	890
85	68
85	891
85	892
85	893
85	894
85	895
85	511
85	671
85	690
85	694
85	707
85	896
85	708
85	878
85	897
85	898
85	899
85	900
85	518
85	901
85	902
85	903
85	904
85	392
396	529
396	905
396	906
396	68
114	119
114	907
114	713
13	56
13	721
13	908
13	909
13	407
13	723
13	713
13	397
13	910
13	911
13	912
13	913
13	914
13	915
13	916
13	917
13	918
13	919
13	920
13	921
13	716
13	922
13	923
13	924
13	925
13	926
13	927
13	928
13	929
930	54
930	931
930	932
930	712
930	933
930	934
930	935
930	936
519	520
519	499
519	521
519	95
519	101
520	521
520	95
520	937
938	939
938	940
938	941
938	942
499	266
499	101
499	943
521	95
521	937
521	944
521	945
14	56
14	531
14	946
14	407
14	947
14	723
14	397
14	911
14	914
14	948
14	949
14	950
14	951
14	952
14	953
14	954
14	955
14	663
14	956
14	957
14	958
14	959
14	960
961	149
961	237
961	248
961	962
961	897
961	963
143	964
143	965
143	548
143	966
143	851
143	147
143	158
143	967
143	173
143	435
143	187
143	968
143	200
143	439
143	207
143	215
143	230
143	249
143	258
143	263
143	295
143	321
143	494
143	493
143	107
143	428
143	836
143	823
143	843
143	969
143	970
143	752
143	971
143	972
143	973
143	974
143	975
143	976
143	977
143	978
143	979
143	980
143	981
143	982
143	983
143	984
143	985
143	986
143	987
143	988
143	989
64	21
64	27
64	525
64	750
64	529
64	530
64	172
64	990
64	991
64	992
64	993
64	388
64	994
64	995
64	441
64	996
64	557
64	560
64	997
64	998
64	999
64	1000
64	1001
64	1002
64	69
1003	18
1003	531
1003	1004
1003	783
1003	1005
1003	1006
1003	1007
1003	1008
1009	1010
1009	226
1009	1011
1009	596
86	1012
1013	23
1013	643
1013	558
1013	725
1013	1014
1013	1015
144	965
144	156
144	158
144	161
144	967
144	1016
144	195
144	437
144	123
144	229
144	275
144	281
144	283
144	338
144	1017
144	1018
144	1019
144	1020
144	1021
144	1022
144	1023
144	1024
145	158
145	163
145	171
145	183
145	189
145	196
145	197
145	201
145	207
145	214
145	216
145	219
145	231
145	289
145	291
145	303
145	343
145	96
145	353
145	568
145	103
145	426
145	1025
145	360
15	22
15	1026
15	56
15	65
15	531
15	908
15	1027
15	947
15	723
15	1028
15	397
15	1029
15	912
15	1030
15	1031
15	1032
15	1033
15	660
15	1034
15	662
15	954
15	955
15	1035
15	717
15	1036
15	1037
15	1038
15	1039
15	1040
15	1041
15	1042
15	1043
15	1044
15	1045
15	1046
15	1047
15	1048
15	1049
15	1050
15	1051
16	56
16	908
16	407
16	723
16	1052
16	953
16	663
17	531
17	908
17	407
17	947
17	952
17	1053
17	1054
17	703
17	1055
18	87
18	1056
18	529
19	56
19	1057
19	510
19	1058
20	30
20	56
20	89
20	1059
20	1060
20	947
20	723
20	713
20	1028
20	397
20	1061
20	948
20	1062
20	1057
20	1031
20	1033
20	1063
20	1064
20	1053
20	956
20	703
20	1065
20	1066
20	1067
20	1068
20	1069
20	1070
20	1071
20	1072
20	1073
20	1074
20	1075
20	1076
21	529
21	389
21	68
22	48
22	1077
22	1029
22	558
22	1031
22	1063
22	1015
23	56
23	65
23	723
23	1078
23	715
23	954
23	1079
23	1036
23	1080
23	936
23	1081
23	1051
23	1082
23	1083
23	1084
25	56
25	723
25	1064
25	512
25	1080
25	1085
26	34
26	1086
26	1044
26	1051
27	32
27	529
27	531
27	533
27	170
27	1087
27	558
27	1088
27	1089
28	558
28	1090
28	1091
28	562
28	895
28	1035
28	1092
29	1052
29	1093
30	643
30	1059
30	1094
30	1057
30	1063
30	1042
31	782
31	784
31	788
31	1095
33	500
34	56
34	529
34	89
34	947
34	1052
34	1057
34	1090
34	1096
34	955
34	1097
34	1080
34	1085
34	1047
34	1098
34	1099
35	1100
35	112
35	1101
35	1102
35	1103
35	1104
36	643
36	56
36	529
36	1105
36	531
36	401
36	170
36	1106
36	1060
36	407
36	914
36	442
36	1061
36	1052
36	948
36	917
36	949
36	1107
36	1108
36	652
36	951
36	655
36	1109
36	1110
36	562
36	920
36	953
36	1064
36	1035
36	663
36	1111
36	1036
36	1112
36	923
36	1113
36	960
36	1114
36	1115
36	1116
36	1070
36	1117
36	1118
36	1119
36	1120
36	1121
36	1122
36	1123
36	1124
36	1125
36	1126
37	56
37	531
37	908
37	1077
37	947
37	1127
37	951
37	953
37	1054
37	957
37	1128
37	1055
37	959
37	1129
38	41
38	1130
38	1131
38	1132
38	1133
38	1134
38	1135
38	1102
38	1136
38	1137
38	1138
38	1139
38	1103
38	1140
38	1141
38	1142
38	1143
39	56
39	89
39	723
39	510
39	895
39	1081
39	1144
40	908
40	124
40	1145
40	1146
40	562
40	1147
40	1148
40	1082
40	1149
40	1150
40	1151
41	1130
41	1103
42	407
42	723
42	1057
42	955
43	851
44	1036
45	712
45	55
45	933
45	715
45	1030
45	510
45	662
45	956
45	1152
45	1081
45	1153
45	1154
45	1155
46	531
46	407
46	947
46	948
46	952
47	124
47	1052
47	1150
47	1151
47	1156
47	1157
48	89
48	713
48	1158
48	1159
48	1160
49	200
49	313
49	996
49	805
49	1161
49	1162
49	1163
49	937
49	1164
49	1165
49	1166
49	1167
49	1168
49	1169
50	916
50	1170
50	1090
50	1171
51	56
51	723
52	156
52	165
52	175
52	187
52	191
52	228
52	249
52	257
52	1172
52	1173
52	610
53	56
53	1174
53	407
53	723
53	397
53	1036
53	1175
53	1176
87	525
87	117
87	1177
87	528
87	530
87	552
87	401
87	120
87	554
87	90
87	384
87	645
87	534
87	536
87	409
87	386
87	387
87	1178
87	68
87	1179
87	646
87	1180
87	904
1181	548
1181	822
1181	823
1181	827
964	548
964	822
964	836
964	823
964	1182
964	974
964	827
964	860
964	861
964	838
965	548
965	531
965	175
965	275
965	307
965	568
965	823
965	1183
548	834
548	966
548	822
548	215
548	836
548	823
548	824
548	1184
548	825
548	1185
548	973
548	432
548	827
548	860
548	861
548	1186
548	976
548	830
548	1187
548	1188
548	978
548	1189
548	1190
548	1191
548	1192
834	822
834	823
834	842
834	860
834	861
834	1193
834	1194
966	836
966	823
966	827
966	861
643	712
643	56
643	148
643	531
643	401
643	120
643	170
643	90
643	645
643	172
643	912
643	1195
643	68
643	354
643	1196
643	562
643	716
643	895
643	708
643	1095
643	1197
643	1114
643	1115
643	1198
851	529
851	166
851	311
851	825
851	1199
851	963
1200	56
1200	721
1200	1027
1200	723
1200	910
1200	911
1200	913
1200	1201
1200	1202
1200	714
1200	1078
1200	1094
1200	1057
1200	715
1200	1032
1200	920
1200	1203
1200	510
1200	1204
1200	1205
1200	1197
1200	1050
1200	1206
1200	1207
1200	1208
54	56
54	65
54	721
54	908
54	909
54	1209
54	1027
54	723
54	1028
54	397
54	1145
54	911
54	1210
54	913
54	1211
54	1201
54	714
54	918
54	919
54	1212
54	1213
54	1057
54	715
54	1030
54	1214
54	1215
54	920
54	510
54	1216
54	1034
54	954
54	955
54	956
54	1217
54	1097
54	1036
54	512
54	1218
54	1038
54	1219
54	1220
54	1041
54	1081
54	1113
54	1066
54	1197
54	1221
54	1222
54	1153
54	1044
54	1049
54	1050
54	1051
54	1206
54	1223
54	1154
54	1224
54	1069
54	1225
54	1226
54	1155
54	1207
54	1227
54	1228
54	1229
54	1230
54	1231
54	1232
54	1233
931	1026
931	56
931	65
931	1234
931	909
931	1027
931	1028
931	397
931	911
931	913
931	1202
931	714
931	1078
931	1213
931	1094
931	1057
931	1030
931	955
931	956
931	1217
931	512
931	1220
931	1065
931	936
931	1081
931	1153
931	1154
931	1226
931	1228
931	1230
931	1233
932	56
932	909
932	1027
932	1028
932	397
932	911
932	913
932	1235
932	1201
932	1202
932	714
932	1078
932	918
932	1213
932	1094
932	1057
932	715
932	1030
932	1236
932	920
932	510
932	660
932	955
932	512
932	1220
932	1081
932	1205
932	1153
932	1154
932	1224
932	1237
932	1207
932	1233
1026	712
1026	721
1026	510
1026	953
1026	954
1026	1221
1026	1238
1026	1155
712	56
712	65
712	908
712	909
712	722
712	1027
712	723
712	713
712	1028
712	397
712	910
712	911
712	1210
712	913
712	1235
712	1201
712	915
712	1202
712	714
712	1078
712	918
712	919
712	1212
712	1213
712	1094
712	1057
712	503
712	1030
712	1032
712	1203
712	510
712	660
712	955
712	956
712	1217
712	922
712	512
712	1218
712	1037
712	1239
712	1240
712	1220
712	1080
712	936
712	1041
712	1081
712	1113
712	1241
712	1205
712	1197
712	1222
712	1153
712	1050
712	1051
712	1206
712	1154
712	1224
712	1237
712	1242
712	1226
712	1207
712	1227
712	1243
712	1244
712	1229
712	1230
712	1245
712	1246
712	1247
712	1248
712	1249
712	1233
55	56
55	946
55	407
55	907
55	713
55	1145
55	911
55	1078
55	918
55	919
55	1213
55	1057
55	1214
55	504
55	920
55	1250
55	510
55	716
55	1216
55	954
55	955
55	1128
55	936
55	1251
55	1207
55	1248
55	1252
55	1253
1254	407
781	782
146	1255
146	171
146	185
146	438
146	341
146	1256
56	65
56	89
56	531
56	721
56	933
56	1257
56	723
56	713
56	1028
56	397
56	398
56	910
56	913
56	1061
56	1201
56	1202
56	714
56	919
56	1213
56	715
56	503
56	1030
56	950
56	1258
56	559
56	1031
56	1033
56	610
56	920
56	510
56	660
56	1259
56	1260
56	1063
56	895
56	1034
56	1261
56	1262
56	662
56	1064
56	934
56	922
56	1204
56	1263
56	1264
56	935
56	1036
56	1265
56	1266
56	1058
56	724
56	1267
56	1112
56	936
56	1066
56	1197
56	1044
56	1046
56	1050
56	1082
56	1224
56	1268
56	1069
56	1269
56	1074
56	1270
56	1271
56	1225
56	1272
56	1273
56	1274
56	1275
56	1276
56	1277
56	1228
56	1229
56	1278
56	1279
56	1280
56	1281
56	1282
56	1283
56	1284
1285	1027
1285	911
1285	913
1285	1213
1285	1094
1285	1057
1285	1203
1285	936
1285	1050
1286	545
525	528
525	529
525	120
525	533
525	1287
525	68
525	1288
525	1289
525	1290
525	1291
525	1292
526	413
1293	147
1293	201
1293	202
1293	1294
1293	1295
750	117
750	533
750	92
750	256
750	329
750	1296
750	359
750	579
750	941
750	1297
750	1298
1299	160
1299	164
1299	168
1299	189
1299	233
1299	291
1299	311
1299	331
1299	442
1299	490
1299	111
1299	1300
1299	1301
1299	1302
115	385
147	154
147	156
147	157
147	159
147	160
147	168
147	171
147	1303
147	177
147	178
147	179
147	1304
147	183
147	189
147	194
147	195
147	196
147	419
147	200
147	205
147	216
147	217
147	218
147	226
147	227
147	234
147	236
147	239
147	241
147	242
147	254
147	255
147	257
147	260
147	267
147	272
147	283
147	286
147	288
147	296
147	303
147	304
147	306
147	307
147	311
147	313
147	315
147	316
147	322
147	327
147	330
147	342
147	343
147	466
147	730
147	1305
147	808
147	357
147	728
147	1306
147	1294
147	1307
147	624
147	1308
147	616
147	1309
147	1310
147	1311
147	1312
147	367
147	844
147	761
147	815
147	1313
147	816
147	777
147	1314
147	1315
147	1316
147	1317
147	1318
147	1319
147	1320
116	392
400	118
400	523
400	506
400	1321
117	120
117	1322
527	1323
148	529
148	553
148	120
148	277
148	767
148	631
149	151
149	156
149	157
149	159
149	162
149	170
149	190
149	193
149	194
149	195
149	196
149	197
149	437
149	439
149	212
149	232
149	237
149	249
149	250
149	256
149	267
149	269
149	274
149	278
149	280
149	290
149	295
149	300
149	301
149	304
149	305
149	316
149	321
149	325
149	328
149	336
149	350
149	730
149	1305
149	486
149	490
149	637
149	1324
149	1325
149	1326
149	625
149	1327
149	1165
149	806
149	1328
149	775
149	1329
149	1330
149	1331
149	1332
1010	384
1010	245
1010	600
1010	1294
1010	1011
1010	1333
1010	1334
1010	596
395	151
395	1335
395	418
395	407
395	232
395	295
395	1336
395	494
395	1337
395	605
395	1025
395	770
395	622
395	1338
395	807
395	1329
395	372
395	1339
150	157
150	161
150	1340
150	164
150	188
150	1341
150	194
150	200
150	207
150	1342
150	209
150	211
150	222
150	227
150	228
150	229
150	230
150	238
150	240
150	251
150	257
150	263
150	272
150	283
150	284
150	285
150	294
150	299
150	323
150	332
150	333
150	337
150	345
150	346
150	1343
150	444
150	422
150	353
150	1172
150	1344
150	768
150	1345
150	485
150	1346
150	505
150	1347
150	1348
150	1349
150	359
150	869
150	111
150	1350
150	1325
150	624
150	612
150	1351
150	1352
150	578
150	1353
150	1354
150	1355
150	824
150	1356
150	1357
150	1311
150	1358
150	1359
150	772
150	825
150	1360
150	1361
150	1362
150	636
150	1363
150	1364
150	1365
150	854
150	1366
150	809
150	1367
150	368
150	1368
150	1369
150	762
150	1370
150	1371
150	1372
150	1373
150	1374
150	432
150	433
150	765
150	1375
150	815
150	1376
150	370
150	1377
150	371
150	1378
150	1379
150	1380
150	858
150	777
150	832
150	1381
150	1382
150	1383
150	1384
150	1385
150	1021
150	1022
150	1386
150	1387
150	1388
150	1389
150	1390
150	1391
150	1392
150	1393
150	374
150	1394
150	1395
150	1396
150	1397
150	1398
150	1399
150	1400
150	1401
150	1402
150	1403
150	1404
150	1405
150	1406
150	1407
150	1408
150	1409
150	1410
150	1411
150	1412
150	1413
150	1414
150	1415
150	1416
150	1417
150	1418
150	1419
150	1420
150	1421
150	1422
150	1423
150	1424
150	1425
150	1426
150	1427
150	1428
150	1429
150	1430
150	1431
150	1432
150	1433
150	1434
150	1435
150	1436
150	1437
150	1438
150	1439
150	1440
150	1441
150	1442
150	1443
150	1444
150	1445
150	1446
150	1447
150	1448
150	1449
150	1450
150	1451
150	1452
150	1453
150	1454
150	1455
150	1456
150	1457
150	1458
150	1459
150	1460
150	1461
150	1462
150	1463
150	391
150	1464
150	1465
150	1466
150	1467
150	1468
822	1469
822	852
822	214
822	215
822	823
822	1470
822	1471
822	871
822	1184
822	825
822	1472
822	1182
822	1185
822	1473
822	827
822	860
822	861
822	837
822	1474
822	828
822	1475
822	1476
822	1477
822	1478
822	976
822	1479
822	1480
822	1481
822	1187
822	1482
822	1188
822	1483
822	977
822	1484
822	1485
822	831
822	1486
822	1193
822	838
822	839
822	840
822	832
822	978
822	1487
822	833
822	1488
822	982
822	1489
822	1490
822	1491
822	864
822	1492
822	1493
822	1494
822	1495
822	1496
822	1497
822	1498
822	1499
822	1500
822	1501
822	1502
822	1503
822	1504
822	1505
822	1506
822	1507
822	1508
822	1509
822	1510
822	1511
822	1512
822	1513
822	1514
822	1515
822	1516
822	1517
822	1518
822	1519
822	1520
822	1521
822	1522
822	1523
822	1524
822	1525
822	1526
822	1527
822	1528
822	1183
118	523
118	121
118	543
118	1529
118	1321
118	1530
1531	68
1469	976
1469	1189
151	152
151	156
151	163
151	418
151	180
151	194
151	196
151	197
151	200
151	212
151	237
151	241
151	248
151	256
151	267
151	286
151	311
151	343
151	1532
151	446
151	108
151	605
151	609
151	617
151	1533
151	1534
151	1535
151	1536
1537	601
1537	1538
644	1539
1540	1541
1177	523
1056	529
1056	439
1056	259
1056	823
1056	1542
1543	646
1543	1544
1543	1545
1543	1546
1543	1547
1543	1313
1543	1548
1543	1549
1543	1550
1543	1551
1543	1552
1543	1553
1543	1554
1543	1555
1543	1556
1543	1557
528	68
152	156
152	157
152	159
152	162
152	165
152	169
152	171
152	177
152	178
152	184
152	190
152	191
152	192
152	193
152	195
152	196
152	419
152	197
152	198
152	437
152	200
152	439
152	207
152	208
152	212
152	216
152	229
152	230
152	235
152	241
152	244
152	246
152	254
152	256
152	257
152	261
152	269
152	271
152	277
152	278
152	280
152	289
152	293
152	303
152	327
152	328
152	350
152	1558
152	351
152	453
152	423
152	458
152	624
152	609
152	1326
152	363
152	1559
152	368
152	1560
152	1536
152	1561
152	1562
152	1563
152	1564
152	1565
152	1566
529	1567
529	500
529	552
529	89
529	119
529	553
529	1568
529	120
529	554
529	532
529	170
529	1569
529	1570
529	645
529	1571
529	534
529	172
529	990
529	175
529	517
529	419
529	1572
529	1573
529	536
529	1574
529	210
529	258
529	1575
529	537
529	1576
529	780
529	97
529	388
529	99
529	1577
529	889
529	891
529	892
529	1578
529	1579
529	1580
529	107
529	502
529	1581
529	559
529	1582
529	1583
529	841
529	1584
529	1585
529	1586
529	1091
529	1587
529	893
529	1588
529	1589
529	1590
529	560
529	1591
529	1109
529	1544
529	1592
529	1086
529	1593
529	1594
529	1146
529	1595
529	562
529	614
529	1596
529	582
529	895
529	1597
529	1598
529	970
529	1599
529	1600
529	1601
529	1560
529	1602
529	897
529	1603
529	1330
529	1098
529	1604
529	1605
529	1606
529	1607
529	1608
529	1609
529	1610
529	1611
529	1612
529	1613
529	1614
529	1615
529	1616
529	1617
529	1618
529	1619
529	1620
529	1621
529	1622
529	1623
529	1624
529	1625
1626	1627
1626	1628
1626	1629
1630	1631
153	155
153	180
153	181
153	182
153	189
153	196
153	217
153	218
153	224
153	295
153	322
153	1632
153	1565
153	1633
154	565
154	291
154	447
154	425
154	1542
155	156
155	171
155	173
155	178
155	180
155	182
155	189
155	194
155	209
155	217
155	234
155	244
155	256
155	257
155	260
155	268
155	269
155	273
155	275
155	280
155	286
155	287
155	289
155	293
155	306
155	321
155	355
155	587
155	753
155	1376
155	1560
155	1634
156	157
156	158
156	159
156	161
156	162
156	165
156	169
156	170
156	171
156	174
156	178
156	179
156	181
156	182
156	184
156	187
156	189
156	190
156	192
156	194
156	195
156	196
156	419
156	197
156	198
156	200
156	123
156	206
156	208
156	209
156	211
156	212
156	214
156	215
156	216
156	227
156	229
156	230
156	232
156	236
156	237
156	241
156	245
156	246
156	248
156	249
156	251
156	254
156	255
156	256
156	257
156	258
156	260
156	266
156	267
156	270
156	271
156	272
156	274
156	275
156	276
156	280
156	283
156	285
156	286
156	287
156	288
156	289
156	290
156	291
156	295
156	297
156	301
156	302
156	304
156	305
156	306
156	93
156	312
156	314
156	316
156	317
156	321
156	328
156	330
156	331
156	335
156	337
156	338
156	339
156	341
156	343
156	347
156	348
156	350
156	599
156	421
156	423
156	730
156	568
156	606
156	429
156	111
156	1025
156	1325
156	1635
156	1636
156	1184
156	745
156	1637
156	751
156	1632
156	874
156	366
156	759
156	1368
156	777
156	1638
156	1639
156	1640
156	1641
157	159
157	163
157	165
157	418
157	170
157	172
157	175
157	178
157	179
157	180
157	181
157	1304
157	184
157	189
157	190
157	192
157	193
157	195
157	419
157	197
157	199
157	200
157	209
157	212
157	215
157	216
157	225
157	229
157	230
157	231
157	232
157	236
157	237
157	239
157	244
157	246
157	248
157	251
157	252
157	254
157	255
157	256
157	257
157	259
157	266
157	267
157	271
157	272
157	274
157	277
157	280
157	288
157	293
157	295
157	296
157	301
157	302
157	303
157	304
157	305
157	306
157	309
157	93
157	311
157	312
157	313
157	316
157	321
157	325
157	327
157	337
157	339
157	348
157	96
157	1642
157	598
157	599
157	352
157	422
157	353
157	446
157	452
157	423
157	424
157	458
157	490
157	1643
157	426
157	428
157	429
157	1644
157	1645
157	1327
157	1646
157	1309
157	1647
157	577
157	580
157	585
157	772
157	1360
157	1648
157	367
157	1649
157	809
157	762
157	1650
157	1651
157	1330
157	1652
157	1535
157	1653
157	1654
157	1655
158	161
158	177
158	181
158	196
158	289
158	320
158	348
158	442
158	568
158	836
158	616
158	843
158	844
159	161
159	163
159	173
159	178
159	181
159	189
159	92
159	419
159	197
159	200
159	207
159	209
159	216
159	217
159	219
159	221
159	225
159	232
159	237
159	244
159	253
159	256
159	271
159	272
159	289
159	300
159	301
159	302
159	303
159	304
159	314
159	316
159	319
159	322
159	327
159	331
159	336
159	339
159	348
159	1656
159	1642
159	350
159	423
159	1172
159	1305
159	803
159	1657
159	428
159	359
159	869
159	624
159	1658
159	770
159	809
159	810
159	1565
159	1659
160	173
160	175
160	178
160	194
160	209
160	309
160	327
160	331
160	1004
160	349
160	350
160	359
160	111
160	360
160	1326
160	367
161	164
161	177
161	190
161	192
161	193
161	197
161	198
161	199
161	200
161	123
161	202
161	439
161	229
161	233
161	235
161	237
161	268
161	286
161	288
161	309
161	321
161	329
161	335
161	1532
161	1558
161	582
161	771
161	1329
161	1660
162	168
162	177
162	179
162	237
162	254
162	256
162	271
162	289
162	301
162	326
162	330
162	1661
1340	296
1340	93
1340	353
1340	1533
1340	368
1340	1662
1335	835
1335	1338
88	1663
88	175
88	407
88	1090
88	562
88	1064
88	956
1664	1665
1666	523
1666	121
1666	1667
462	531
462	463
462	1668
462	465
462	466
462	468
462	469
462	470
462	471
462	475
462	478
462	479
462	480
462	1669
462	1670
462	1671
462	1672
462	1673
462	1674
1567	120
1567	1675
1567	1676
1677	885
530	1678
530	993
530	1679
530	68
523	121
523	543
523	1529
523	501
523	506
523	1321
65	67
65	723
65	919
65	1212
65	1057
65	715
65	504
65	1033
65	510
65	1263
65	935
65	1218
65	1112
65	1041
65	1081
65	1197
65	1044
65	1251
65	1680
65	1681
65	1682
65	1208
66	1683
66	1684
66	1685
66	795
66	1686
66	1687
66	1688
66	1689
66	1690
67	555
163	165
163	174
163	197
163	200
163	439
163	236
163	246
163	260
163	263
163	288
163	303
163	316
163	336
163	342
163	424
163	1308
163	616
163	751
163	1691
163	1318
500	75
500	534
500	905
500	1692
500	1693
649	1573
164	206
164	207
164	257
164	273
164	286
164	288
164	289
164	343
164	1657
164	728
164	741
164	1367
1694	217
1694	244
1694	246
1694	280
1694	288
1694	327
1694	728
1694	431
1694	1695
1694	616
1694	1647
1694	377
1694	1696
165	418
165	174
165	178
165	437
165	439
165	229
165	237
165	244
165	249
165	257
165	263
165	267
165	270
165	272
165	274
165	277
165	278
165	280
165	288
165	312
165	315
165	321
165	328
165	342
165	348
165	349
165	350
165	352
165	448
165	458
165	873
165	775
165	1318
165	1697
165	1698
650	170
650	1699
650	513
967	123
967	1700
1701	552
1701	534
1701	1288
1701	1702
1701	1703
1701	1704
1701	1705
1701	1706
1701	1707
1701	1708
1709	1710
1711	290
1105	120
1016	89
1016	209
1016	93
1016	1712
1016	1713
1016	542
1016	1714
1016	1715
1016	1716
1016	1717
1016	1718
1016	1719
1016	1720
1016	1721
1016	1722
1016	1723
1016	1724
1016	1725
1016	1726
1016	1727
1016	1728
852	215
852	860
852	1474
852	976
852	1188
852	838
852	1490
852	1729
623	808
89	553
89	1052
89	735
89	1730
89	1731
89	1732
89	1031
89	1733
89	1063
89	895
89	957
89	1036
89	1147
89	1218
89	1039
89	1159
89	1734
89	1075
89	1272
89	1735
89	1736
89	1737
531	120
531	1738
531	170
531	1174
531	419
531	309
531	68
531	481
531	651
531	1739
531	1732
531	562
531	1684
531	665
531	683
531	684
531	686
531	694
531	698
531	699
531	701
531	896
531	1740
531	937
531	1741
531	1269
531	1075
531	1125
531	1150
531	1742
531	1743
531	1736
531	1744
531	1157
531	1745
531	1746
531	1747
531	1748
531	1749
531	1750
531	1751
119	1294
553	1752
1568	191
1568	556
401	533
401	558
401	1753
401	1146
401	1754
401	1148
401	1150
401	1742
401	1151
401	1755
401	1157
401	1745
401	1747
401	1756
120	533
120	534
120	172
120	536
120	1575
120	992
120	537
120	780
120	99
120	889
120	1052
120	1322
120	68
120	891
120	1757
120	1758
120	1091
120	1053
120	997
120	1759
120	1760
120	1617
120	1623
120	1761
120	1762
120	1763
554	202
554	309
554	1063
1764	782
1764	1288
412	1765
412	1766
1255	185
1255	438
532	1060
532	1710
532	419
532	556
532	1767
532	1768
532	1769
1770	398
1770	1082
1771	782
1771	1772
1771	1021
1771	1773
1774	201
1774	337
1774	1775
1774	1776
1774	1777
166	645
166	268
166	292
166	1532
166	350
1234	933
1234	1036
1234	512
1234	1266
721	398
721	1044
721	1273
721	1274
908	933
908	398
908	715
908	109
908	510
908	58
908	1225
933	722
933	1027
933	1028
933	397
933	910
933	1145
933	911
933	913
933	1211
933	1201
933	714
933	1078
933	1212
933	1213
933	1094
933	1057
933	715
933	950
933	1215
933	1033
933	920
933	1203
933	510
933	660
933	1216
933	1034
933	954
933	955
933	1217
933	512
933	1218
933	1239
933	1038
933	1220
933	936
933	1241
933	1205
933	1197
933	1222
933	1223
933	1154
933	1226
933	1207
933	1230
933	1778
1779	1209
909	1218
909	1780
909	1038
722	713
722	397
722	917
722	715
722	920
722	510
722	1781
722	1218
722	1734
722	1782
1257	1027
1257	911
1257	913
1257	714
1257	1078
1257	1213
1257	715
1257	1030
1257	1032
1257	1204
1257	1783
1257	1039
1257	1205
1257	1222
1257	1154
413	194
413	1784
413	1785
413	1786
1663	1787
1663	1788
1663	1789
121	543
121	1529
121	501
167	171
167	177
167	209
167	289
167	291
167	453
167	603
167	1790
168	418
168	185
168	194
168	195
168	197
168	246
168	303
168	309
168	314
168	1791
168	443
168	867
168	804
168	605
168	1792
168	807
168	1339
168	1793
168	1794
418	177
418	184
418	190
418	192
418	197
418	200
418	210
418	232
418	241
418	245
418	246
418	247
418	256
418	259
418	268
418	272
418	280
418	326
418	328
418	1336
418	423
418	424
418	605
418	1795
418	498
418	609
418	577
418	1792
418	763
418	807
418	1652
418	1796
533	534
533	1797
533	536
533	1576
533	95
533	996
533	1798
533	891
533	893
533	1544
533	658
533	1799
533	842
533	937
533	1800
533	1298
533	1289
533	1801
533	1467
533	1802
169	202
169	309
169	1658
169	1741
169	1803
169	1560
169	1804
169	1564
75	1805
75	1806
75	1807
75	1808
75	1809
75	1810
75	1811
75	1812
75	1813
170	90
170	645
170	172
170	187
170	1059
170	194
170	195
170	419
170	232
170	237
170	274
170	328
170	68
170	558
170	646
170	560
1106	1814
1569	68
171	173
171	177
171	185
171	196
171	197
171	207
171	209
171	216
171	225
171	243
171	246
171	257
171	268
171	272
171	286
171	288
171	289
171	291
171	315
171	316
171	318
171	327
171	343
171	350
171	1558
171	443
171	446
171	451
171	457
171	1309
171	581
171	772
171	741
171	1815
1209	1211
1209	715
1570	1816
384	311
645	172
645	990
645	1174
645	197
645	123
645	350
645	68
1571	1602
1571	1817
1571	1818
1571	1819
1571	1820
534	172
534	1174
534	92
534	419
534	1678
534	210
534	68
534	1821
534	1822
534	1823
172	990
172	175
172	92
172	123
172	1573
172	536
172	249
172	335
172	1575
172	99
172	889
172	68
172	891
172	892
172	735
172	601
172	107
172	1732
172	1324
172	614
172	1824
172	1825
172	1193
172	1759
172	1821
172	1610
172	1515
172	1517
172	1641
172	1826
172	1827
990	1603
990	1828
990	69
1174	419
1174	1829
1174	1830
1174	1831
1174	1832
1174	1833
1174	1834
1174	1835
1287	1836
1287	1837
1287	1290
1087	441
1087	1838
1839	1840
173	178
173	180
173	182
173	183
173	184
173	189
173	194
173	195
173	197
173	199
173	200
173	209
173	211
173	224
173	230
173	237
173	241
173	246
173	286
173	291
173	303
173	316
173	321
173	334
173	339
173	347
173	348
173	1642
173	350
173	570
173	1841
173	603
173	355
173	489
173	428
173	549
173	111
173	624
173	1842
173	1376
173	775
174	178
174	189
174	564
174	213
174	223
174	241
174	270
174	272
174	289
174	326
174	338
174	348
174	494
174	426
174	427
174	428
174	608
174	634
174	763
174	1843
175	177
175	187
175	191
175	194
175	208
175	214
175	216
175	228
175	237
175	249
175	255
175	257
175	265
175	272
175	277
175	288
175	289
175	295
175	93
175	321
175	332
175	335
175	347
175	1004
175	460
175	571
175	493
175	431
175	1844
175	580
175	1019
175	1357
175	1837
175	1360
175	1632
175	1845
175	1846
175	761
175	433
175	1847
175	1848
175	1329
175	1082
175	963
175	1538
175	1849
175	1850
175	1662
1303	200
1303	1851
1303	1852
1303	1853
176	231
176	263
176	93
176	1853
177	178
177	180
177	181
177	190
177	192
177	195
177	196
177	419
177	197
177	205
177	211
177	216
177	229
177	230
177	232
177	237
177	244
177	246
177	254
177	256
177	257
177	266
177	280
177	287
177	289
177	313
177	316
177	330
177	337
177	813
177	422
177	423
177	568
177	602
177	427
177	609
177	1327
177	582
177	634
177	816
178	180
178	184
178	195
178	196
178	197
178	200
178	439
178	217
178	225
178	230
178	246
178	256
178	260
178	261
178	266
178	270
178	272
178	277
178	278
178	280
178	302
178	303
178	304
178	316
178	326
178	327
178	336
178	348
178	599
178	423
178	424
178	602
178	426
178	1854
178	1855
178	1376
179	181
179	189
179	205
179	237
179	254
179	262
179	263
179	282
179	301
179	305
179	93
179	327
179	422
179	426
179	111
179	577
179	433
179	1466
179	514
180	181
180	435
180	182
180	184
180	189
180	436
180	195
180	196
180	197
180	200
180	204
180	206
180	209
180	216
180	224
180	235
180	237
180	239
180	244
180	257
180	263
180	275
180	280
180	288
180	304
180	312
180	317
180	336
180	566
180	351
180	446
180	568
180	811
180	605
180	606
180	431
180	1326
180	616
180	1856
180	1857
180	1858
180	1533
180	1859
180	753
180	1860
180	1022
180	1318
180	1535
180	376
180	1861
180	1862
181	182
181	189
181	199
181	200
181	205
181	209
181	217
181	237
181	274
181	276
181	285
181	289
181	93
181	330
181	348
181	426
181	431
181	1795
181	624
181	1327
181	775
181	596
1863	363
1863	1864
1863	1865
435	189
435	436
435	217
435	262
435	276
435	287
435	288
435	424
435	1866
435	1533
435	1691
435	1639
1867	191
1867	968
1867	285
1867	835
1867	432
1867	1847
182	189
182	195
182	211
182	217
182	245
182	267
182	272
182	93
182	494
182	447
182	1856
182	1412
1304	193
1304	246
1304	267
1304	323
1304	337
1304	624
183	197
183	216
183	222
183	225
183	226
183	229
183	265
183	275
183	289
183	93
183	331
183	335
183	347
183	755
183	762
183	765
183	1868
184	189
184	196
184	199
184	209
184	230
184	237
184	252
184	256
184	288
184	302
184	316
184	330
184	337
184	339
184	348
184	1004
184	423
184	568
184	490
184	426
184	428
184	429
184	728
184	1327
184	772
184	1652
1869	1870
1869	1871
185	438
185	291
185	317
185	1004
185	494
186	436
186	197
186	203
186	218
186	259
186	262
186	295
186	321
186	445
186	568
186	603
186	572
186	359
186	1872
186	1873
187	194
187	218
187	224
187	228
187	245
187	259
187	262
187	267
187	293
187	295
187	301
187	321
187	338
187	823
187	507
187	627
187	764
187	776
187	1874
187	963
188	835
188	745
188	1361
188	1632
188	1649
188	809
188	1449
188	1875
189	196
189	199
189	200
189	209
189	217
189	225
189	230
189	246
189	260
189	264
189	287
189	289
189	301
189	322
189	334
189	339
189	345
189	350
189	353
189	423
189	424
189	730
189	568
189	1841
189	603
189	355
189	356
189	490
189	604
189	606
189	426
189	357
189	431
189	1795
189	1308
189	574
189	1256
189	632
189	1876
189	1355
189	1691
189	816
189	987
189	1877
189	1878
189	1879
189	1862
1341	323
1341	337
1341	368
1341	1375
436	1307
436	1467
436	1880
436	1881
436	1882
190	419
190	197
190	200
190	231
190	237
190	244
190	249
190	257
190	270
190	277
190	287
190	289
190	325
190	342
190	442
190	426
190	816
190	1883
190	1884
190	1885
190	1886
91	1004
1059	1063
402	660
191	197
191	200
191	232
191	357
191	769
191	1876
191	895
191	1887
191	771
191	874
191	1888
191	878
191	883
191	1889
191	1890
191	1891
191	1892
191	1893
191	1894
192	194
192	196
192	419
192	197
192	198
192	229
192	237
192	241
192	244
192	254
192	277
192	288
192	289
192	309
192	1647
192	461
192	1895
193	212
193	229
193	230
193	237
193	254
193	271
193	329
193	612
1027	1028
1027	934
1027	717
1027	1082
1027	1273
1027	1896
968	419
968	275
968	823
968	973
968	974
968	860
968	837
968	981
403	1897
403	1898
194	196
194	197
194	200
194	206
194	208
194	228
194	230
194	237
194	240
194	249
194	263
194	271
194	273
194	275
194	277
194	278
194	285
194	287
194	288
194	290
194	291
194	293
194	311
194	314
194	316
194	321
194	325
194	327
194	330
194	342
194	343
194	346
194	347
194	1798
194	350
194	460
194	354
194	601
194	493
194	108
194	1643
194	605
194	1644
194	893
194	498
194	561
194	576
194	1310
194	1837
194	741
194	745
194	873
194	366
194	1649
194	1846
194	1368
194	727
194	763
194	765
194	1899
194	1860
194	883
194	1900
194	1871
194	1534
194	1652
194	1901
194	391
194	1466
194	1641
194	1902
194	1903
194	1904
1060	1259
1060	717
1060	1905
92	107
92	1660
92	1906
92	1907
195	197
195	199
195	200
195	205
195	207
195	214
195	216
195	221
195	228
195	229
195	233
195	237
195	266
195	289
195	301
195	304
195	305
195	316
195	322
195	327
195	331
195	343
195	494
195	360
195	1327
195	1636
195	1648
195	1399
195	1908
1710	1909
1710	1621
1710	1910
1710	1911
1912	887
196	197
196	199
196	200
196	205
196	207
196	209
196	211
196	216
196	224
196	228
196	229
196	230
196	237
196	241
196	243
196	244
196	245
196	252
196	254
196	256
196	267
196	286
196	289
196	303
196	306
196	309
196	316
196	320
196	325
196	327
196	328
196	343
196	348
196	1004
196	813
196	350
196	598
196	453
196	427
196	1795
196	616
196	1856
196	1374
196	987
196	1879
406	1913
419	200
419	216
419	232
419	244
419	288
419	1004
419	1532
419	1914
419	637
419	624
419	1915
419	582
419	630
419	1354
419	1310
419	1800
419	1916
419	516
419	1917
419	1918
419	1919
419	1920
419	1921
419	1922
1923	542
197	200
197	439
197	209
197	211
197	212
197	224
197	229
197	232
197	237
197	241
197	244
197	246
197	252
197	255
197	256
197	263
197	265
197	266
197	267
197	270
197	272
197	277
197	280
197	286
197	287
197	288
197	289
197	291
197	293
197	303
197	306
197	309
197	311
197	318
197	319
197	327
197	328
197	330
197	336
197	337
197	343
197	350
197	450
197	423
197	424
197	458
197	568
197	571
197	605
197	427
197	1306
197	431
197	111
197	624
197	581
197	1846
197	1924
197	816
197	1860
197	881
197	1925
198	237
198	241
198	244
198	277
198	328
198	1895
437	200
437	439
437	237
437	342
437	1328
437	1884
57	713
57	911
57	914
57	414
57	918
57	1128
57	1926
57	1067
57	1927
1678	1573
1678	537
1678	107
1678	1928
407	397
407	558
199	200
199	207
199	209
199	216
199	225
199	239
199	246
199	289
199	291
199	303
199	304
199	334
199	96
199	1642
199	602
199	427
199	428
199	1256
199	635
1929	1930
1929	1931
1929	1798
1929	795
1929	1932
1929	1933
1929	1913
1929	1934
1929	1935
1929	1936
1929	1937
1572	1178
1572	1938
1572	1939
1940	313
1940	805
1940	937
1940	1941
1940	1942
1940	1943
1940	1944
200	205
200	439
200	216
200	217
200	225
200	232
200	233
200	235
200	237
200	241
200	252
200	254
200	256
200	257
200	263
200	264
200	267
200	271
200	272
200	276
200	278
200	288
200	289
200	293
200	295
200	301
200	302
200	304
200	305
200	306
200	311
200	313
200	314
200	316
200	319
200	321
200	326
200	327
200	328
200	334
200	339
200	340
200	347
200	348
200	566
200	598
200	470
200	423
200	454
200	460
200	1305
200	431
200	624
200	870
200	1327
200	1856
200	1945
200	591
200	592
200	593
200	635
200	1163
200	937
200	1360
200	1946
200	1376
200	1330
200	1536
200	1639
200	1947
200	1941
200	1948
200	1949
535	1950
947	1204
947	1266
723	397
723	1951
723	1201
723	558
723	714
723	109
723	895
723	934
723	922
723	717
723	1093
723	1952
723	1225
723	1953
723	1896
723	411
723	1748
713	398
713	1063
713	717
713	1954
713	1955
1130	1956
1130	1007
1130	1131
1130	1132
1130	1143
1130	1957
1130	1958
1130	59
123	124
123	1700
123	313
123	1017
123	1018
123	1959
123	1914
123	1960
123	358
123	1294
123	1020
123	1364
123	1888
123	1825
123	1021
123	1961
123	1023
123	1608
123	373
123	1331
123	1962
123	1963
123	1812
123	1964
123	1965
123	1966
123	1967
123	1968
123	1969
123	1970
123	1971
123	1972
123	1973
123	1974
123	1975
123	1976
123	1977
123	1978
124	1754
124	1151
124	1755
125	511
126	390
201	204
201	289
201	323
201	448
201	728
201	1294
201	582
201	854
201	367
201	816
201	1320
385	1979
1797	996
1797	805
1797	1837
1797	1165
1797	1166
1797	1167
1797	1980
1797	1981
1797	1982
1797	1983
1028	397
1028	1061
1028	714
1028	1057
1028	1033
1028	1064
1028	58
1028	1037
1028	1239
1028	1071
1028	1736
397	1029
397	558
397	715
397	1030
397	1984
397	1109
397	1031
397	662
397	954
397	934
397	1147
397	1240
397	1085
397	1081
397	1153
397	1155
1029	398
1029	1201
1029	714
1029	1213
1029	1057
1029	715
1029	1236
1029	1033
1029	510
1029	955
1029	717
1029	512
1029	1219
1029	936
1029	1985
1029	1081
1029	1986
1029	1154
1029	1987
1573	68
555	1988
1989	205
1989	301
1989	305
1989	1658
1989	1310
1989	1339
1989	1796
1989	1990
202	303
202	315
202	423
202	360
202	684
202	708
202	987
1991	1337
203	262
203	263
203	325
203	1336
203	1647
203	1992
203	1873
204	207
204	214
204	224
204	290
204	344
204	96
205	217
205	252
205	288
205	305
205	306
205	327
205	339
205	424
205	487
205	808
205	1866
439	237
439	249
439	266
439	277
439	295
439	301
439	305
439	321
439	339
439	342
439	343
439	423
439	458
439	601
439	1328
439	986
439	1652
206	268
206	288
206	318
206	476
206	427
206	1815
207	211
207	216
207	223
207	244
207	263
207	284
207	291
207	308
207	331
207	337
207	344
207	1306
207	111
207	360
207	632
207	771
207	764
207	975
207	374
1342	209
1342	325
1342	847
1342	368
1342	1846
1342	1650
1342	1860
1342	1440
1342	1535
1342	1993
754	214
754	266
754	275
754	335
754	344
754	347
754	730
754	361
754	363
398	714
398	715
398	921
398	954
398	1147
398	512
398	1038
398	1042
398	1268
398	1276
208	224
208	229
208	237
208	246
208	286
208	288
208	328
208	612
208	1872
209	224
209	225
209	230
209	270
209	285
209	289
209	291
209	294
209	296
209	303
209	316
209	322
209	334
209	337
209	345
209	347
209	494
209	443
209	422
209	424
209	603
209	428
209	429
209	572
209	1795
209	111
209	1256
209	632
209	854
209	1859
209	1994
209	1878
1700	1627
1700	1914
1700	1960
1700	358
1700	1294
1700	1888
1700	1825
1700	1995
1700	1996
1700	1970
1700	1971
1700	1973
1700	1976
1997	265
1997	303
1997	730
1997	1312
1997	732
910	109
910	1063
910	1274
1145	510
1145	935
911	1044
911	1273
912	653
912	920
1210	1052
913	715
913	934
913	1218
905	1998
905	1288
536	68
536	1999
536	2000
564	565
564	217
564	270
564	271
564	280
564	326
564	342
564	348
564	447
564	424
564	2001
564	582
564	696
564	2002
564	1872
1930	1730
1930	1913
2003	2004
2003	2005
565	447
565	2006
565	1329
440	387
440	2007
440	393
210	262
210	100
210	2008
210	567
210	2009
210	1928
210	1595
210	1938
210	2010
210	2011
210	392
211	217
211	241
211	246
211	261
211	285
211	289
211	316
211	577
211	987
212	232
212	237
212	246
212	319
212	328
212	351
212	448
212	1561
213	291
213	330
213	568
214	215
214	224
214	229
214	249
214	266
214	290
214	296
214	337
214	344
214	347
214	353
214	730
214	427
214	823
214	814
214	1324
214	1471
214	2012
214	861
214	837
214	976
214	838
214	839
214	840
214	864
214	1189
214	2013
214	1404
214	2014
214	2015
215	224
215	249
215	266
215	296
215	344
215	347
215	836
215	823
215	1471
215	871
215	757
215	971
215	973
215	827
215	860
215	837
215	976
215	1187
215	831
215	1486
215	1193
215	838
215	840
215	1487
215	1488
215	1194
215	864
215	1189
215	855
215	2013
215	1511
215	1515
215	1523
215	2015
216	239
216	289
216	293
216	296
216	331
216	338
216	343
216	345
216	566
216	422
216	2016
216	360
216	574
216	617
216	824
216	2017
216	759
216	1368
216	432
216	837
216	1901
216	1916
216	2018
217	263
217	272
217	276
217	280
217	293
217	306
217	322
217	326
217	327
217	343
217	348
217	423
217	454
217	424
217	1841
217	615
217	1327
217	1646
217	582
217	630
217	2019
217	1947
217	2002
218	225
218	304
218	490
218	2020
219	237
219	803
220	247
220	315
220	1642
220	352
220	448
220	605
220	2021
220	1360
220	369
220	2022
221	233
222	234
222	263
222	307
222	331
222	332
222	337
222	350
222	357
222	111
222	1325
222	1311
222	1358
222	755
222	1360
222	2023
222	1632
222	752
222	1368
222	432
222	1848
222	1868
222	1392
222	1415
224	229
224	278
224	282
224	288
224	315
224	318
224	328
224	337
224	344
224	1532
224	350
224	598
224	450
224	601
224	728
224	1327
224	1924
224	1641
225	237
225	245
225	246
225	254
225	282
225	316
225	326
225	327
225	328
225	337
225	348
225	598
225	422
225	603
225	490
225	426
225	869
225	1795
225	575
225	756
225	1376
225	775
225	883
225	2024
225	2025
226	255
226	344
226	566
226	351
226	111
226	2026
226	363
226	1961
226	1976
227	422
227	730
227	426
227	360
227	361
227	1854
227	732
227	1638
228	233
228	249
228	257
228	286
228	288
228	296
228	614
228	1360
228	370
228	1903
229	232
229	235
229	237
229	241
229	244
229	257
229	261
229	266
229	267
229	268
229	272
229	277
229	288
229	289
229	291
229	296
229	302
229	315
229	316
229	318
229	319
229	320
229	337
229	338
229	342
229	344
229	348
229	443
229	448
229	601
229	1645
229	1635
229	612
229	755
229	1360
229	745
229	733
229	1365
229	368
229	432
229	2027
229	2028
229	1879
230	237
230	241
230	263
230	267
230	274
230	286
230	291
230	295
230	301
230	326
230	571
230	811
230	604
230	1644
230	769
230	1646
230	759
230	1655
231	287
231	289
231	93
231	318
231	599
231	111
231	608
231	432
231	374
232	237
232	247
232	257
232	265
232	267
232	274
232	275
232	277
232	280
232	295
232	315
232	328
232	1336
232	605
232	606
232	2029
232	609
232	1792
232	807
232	1534
232	1319
233	257
233	289
233	607
233	360
233	581
234	296
234	337
234	111
234	755
234	1360
234	854
234	752
234	1415
234	1466
235	237
235	268
235	277
235	328
235	448
235	449
235	625
236	254
236	2030
237	249
237	250
237	252
237	253
237	254
237	255
237	256
237	264
237	266
237	269
237	270
237	271
237	274
237	275
237	277
237	280
237	286
237	288
237	290
237	293
237	295
237	300
237	301
237	302
237	304
237	305
237	306
237	310
237	311
237	312
237	315
237	316
237	321
237	326
237	328
237	339
237	342
237	343
237	347
237	348
237	598
237	599
237	351
237	352
237	458
237	601
237	1305
237	570
237	486
237	811
237	606
237	637
237	431
237	1324
237	1645
237	1326
237	625
237	1327
237	583
237	590
237	626
237	631
237	873
237	1328
237	882
237	1330
237	1652
237	1331
237	2031
237	1566
237	1992
237	1697
237	2002
237	1884
237	2032
237	2033
237	2034
237	2035
237	2036
237	2037
239	246
239	286
239	289
239	316
239	337
239	424
239	728
239	756
240	296
240	2038
240	370
240	1316
240	1440
240	391
241	244
241	246
241	257
241	283
241	287
241	289
241	291
241	303
241	321
241	327
241	352
241	423
241	424
241	1841
241	609
241	1360
241	816
241	987
241	1843
241	1890
241	1883
241	461
241	1884
241	2039
242	245
242	288
242	316
242	325
242	337
242	561
242	741
242	873
242	2040
243	268
243	330
243	1636
244	246
244	257
244	280
244	289
244	291
244	293
244	303
244	309
244	319
244	321
244	327
244	1558
244	447
244	423
244	354
244	428
244	431
244	1795
244	360
244	609
244	615
244	1327
244	1647
244	587
244	368
244	369
244	461
244	377
244	2041
245	248
245	280
245	286
245	288
245	318
245	344
245	730
245	356
245	488
245	731
245	1859
245	1011
245	1976
246	271
246	279
246	280
246	286
246	288
246	289
246	309
246	316
246	330
246	339
246	448
246	423
246	1841
246	1646
246	590
247	315
247	1642
247	352
247	448
247	2021
247	360
247	367
247	1860
247	2022
248	267
248	295
248	601
248	542
248	605
248	1658
248	1858
248	367
248	1378
248	1860
248	1535
248	2042
249	264
249	274
249	277
249	288
249	290
249	295
249	296
249	305
249	321
249	335
249	350
249	352
249	601
249	568
249	811
249	2043
249	1324
249	610
249	1658
249	1533
249	759
249	2044
249	2045
249	1370
249	1899
249	1329
249	1538
249	2046
250	321
250	599
250	490
250	2047
251	287
251	825
251	1847
252	277
252	280
252	295
252	301
252	302
252	306
252	312
252	424
252	808
253	302
254	256
254	266
254	280
254	295
254	304
254	328
254	348
254	1854
254	2048
254	1634
254	1638
255	263
255	288
255	604
255	431
255	1658
255	1851
255	1852
255	1837
255	745
255	1302
255	963
255	2049
256	286
256	291
256	295
256	303
256	316
256	336
256	339
256	348
256	450
256	624
256	1854
257	266
257	272
257	289
257	337
257	423
257	770
257	2050
258	823
258	1014
259	494
259	460
260	262
260	280
260	289
260	324
260	344
260	751
260	2017
260	2051
261	296
261	1841
261	808
261	854
261	1376
262	304
262	325
262	420
262	579
262	590
262	1866
262	751
262	2017
262	366
262	1859
262	2052
262	963
262	2053
262	1873
263	287
263	302
263	327
263	331
263	444
263	490
263	728
263	632
263	775
263	877
263	391
263	596
263	2054
264	267
264	275
264	290
264	342
264	624
264	361
264	1327
264	363
264	775
264	2055
265	316
265	335
265	341
265	730
265	1899
265	2056
265	2057
266	289
266	328
266	331
266	347
266	350
266	352
266	940
266	1848
267	288
267	295
267	312
267	319
267	320
267	321
267	326
267	327
267	339
267	350
267	351
267	1959
267	811
267	427
267	615
267	741
267	365
267	366
267	2034
268	275
268	277
268	290
268	292
268	343
268	350
268	446
268	601
268	836
268	625
268	1837
268	696
268	882
269	608
269	1884
270	280
270	295
270	311
270	321
270	326
270	342
270	348
270	599
270	604
270	606
270	431
270	584
270	631
270	1328
270	1314
270	1697
270	1698
271	272
271	286
271	288
271	301
271	312
271	316
271	319
271	328
271	348
271	447
271	429
271	2001
271	1173
272	282
272	288
272	302
272	303
272	304
272	316
272	493
272	624
272	579
272	1360
272	364
272	365
272	762
272	1848
273	350
273	2016
273	2058
274	284
274	295
274	301
274	305
274	312
274	320
274	321
274	342
274	1004
274	423
274	568
274	811
274	604
274	606
274	357
274	550
274	498
274	870
274	617
274	1327
274	577
274	586
274	772
274	1804
274	1992
274	2033
274	2059
275	280
275	296
275	301
275	305
275	306
275	316
275	869
275	1025
275	625
275	611
275	365
275	759
275	1370
275	753
275	1641
275	1902
275	1885
275	2060
276	287
276	288
276	321
276	351
276	454
276	867
276	606
276	1330
276	1639
277	288
277	292
277	302
277	306
277	321
277	328
277	633
277	1837
277	2061
278	287
278	288
278	289
278	315
278	318
278	2062
278	352
278	448
278	601
278	872
278	1542
278	816
278	596
279	350
280	300
280	302
280	315
280	328
280	342
280	352
280	423
280	424
280	609
280	751
280	369
280	1318
281	2063
282	296
282	315
282	328
282	350
282	1558
282	1294
282	1658
282	940
282	1946
282	1365
282	760
282	1377
282	514
282	2064
283	1558
284	566
284	1558
284	1343
284	374
284	1466
284	2065
285	287
285	948
285	444
285	1637
285	1385
286	288
286	291
286	316
286	325
286	343
286	350
286	420
287	289
287	93
287	2062
287	424
287	603
287	608
287	364
287	1560
287	987
287	1883
287	1653
287	2066
287	1884
288	292
288	301
288	302
288	303
288	305
288	315
288	337
288	339
288	342
288	350
288	598
288	1337
288	351
288	449
288	423
288	424
288	601
288	606
288	728
288	872
288	1837
288	1360
288	364
288	1691
288	1848
288	1384
288	1652
289	303
289	327
289	331
289	334
289	337
289	343
289	423
289	761
289	1368
290	316
290	321
290	325
290	350
290	1959
290	769
290	361
290	614
290	2012
290	2067
290	2028
290	2068
290	2069
290	2070
291	316
291	334
291	341
291	494
291	835
291	351
291	602
291	489
291	1643
291	1795
291	1308
291	635
291	1691
291	986
292	298
293	1327
293	1376
293	1330
294	422
294	1533
294	1632
294	759
294	432
294	434
294	1868
294	1465
295	301
295	305
295	306
295	318
295	320
295	321
295	339
295	344
295	347
295	1004
295	349
295	1642
295	488
295	107
295	1643
295	604
295	605
295	606
295	425
295	769
295	1324
295	609
295	1635
295	1327
295	1844
295	577
295	586
295	631
295	2071
295	772
295	1328
295	807
295	986
295	1652
295	2072
295	2073
295	1992
295	1963
295	1884
295	2033
295	2037
296	307
296	331
296	332
296	333
296	337
296	338
296	347
296	444
296	422
296	353
296	568
296	111
296	360
296	1325
296	1353
296	755
296	1360
296	759
296	1366
296	809
296	1368
296	762
296	1371
296	432
296	433
296	1847
296	1186
296	858
296	845
296	2074
296	1848
296	434
296	1021
296	2075
296	1901
296	1395
296	1410
296	1415
296	1418
296	1427
296	1439
296	1448
296	1465
296	1466
297	325
297	600
297	1959
297	2021
297	615
297	1560
297	2076
297	1330
297	2077
298	430
298	611
299	310
299	323
299	342
299	350
299	2078
300	316
300	328
300	329
300	485
300	355
300	486
300	487
300	490
300	493
301	305
301	306
301	320
301	321
301	339
301	867
301	569
301	571
301	811
301	604
301	425
301	607
301	1326
301	631
301	365
301	1302
301	2031
301	1618
301	596
301	1992
301	2033
301	2034
301	2036
301	2079
302	303
302	306
302	310
302	315
302	328
302	458
302	601
302	808
302	573
302	431
302	616
302	1559
302	2080
303	304
303	309
303	327
303	336
303	343
303	348
303	96
303	423
303	603
303	426
303	616
303	775
303	1339
303	1318
303	1633
304	312
304	330
304	337
304	598
304	1305
304	604
304	2081
304	364
304	365
305	306
305	311
305	312
305	316
305	321
305	339
305	351
305	460
305	569
305	604
305	808
305	425
305	607
305	1324
305	624
305	1326
305	2082
305	586
305	626
305	631
305	2083
305	880
305	1652
305	2073
305	1992
305	2033
305	2034
305	2084
306	309
306	319
306	321
306	424
306	867
306	1841
306	759
306	2019
306	987
306	2085
306	2086
307	317
307	332
307	337
307	835
307	422
307	571
307	1349
307	837
307	1477
307	1380
307	2087
307	1382
307	372
307	2075
307	1868
307	1392
307	1503
307	1421
307	1445
308	337
308	765
308	1022
309	327
309	338
309	453
309	423
309	651
309	357
309	659
309	360
309	667
309	676
309	694
309	707
309	708
309	987
310	2015
93	759
93	432
93	1847
93	2074
311	312
311	321
311	344
311	1532
311	569
311	1324
311	617
311	1311
311	1649
312	343
312	348
312	423
312	624
312	2059
313	466
313	1772
313	805
313	2088
313	1945
313	1163
313	937
313	2089
313	2090
313	1165
313	1024
313	1166
313	1167
313	1168
313	2091
313	1801
313	2092
313	1941
313	2093
313	2094
313	2095
313	2096
313	1944
313	2097
313	2098
314	321
314	339
314	493
315	328
315	343
315	350
315	352
315	448
315	424
315	601
315	367
315	1860
315	876
315	1872
315	2022
316	318
316	325
316	331
316	337
316	343
316	1558
316	355
316	487
316	356
316	488
316	489
316	490
316	493
316	604
316	808
316	111
316	635
316	743
316	745
316	1804
316	2015
316	1640
316	1879
317	332
317	337
317	1325
317	1353
317	753
317	1391
317	1466
318	566
318	451
318	453
318	873
318	1901
319	601
319	1305
319	2099
320	339
320	342
320	601
321	338
321	339
321	342
321	349
321	454
321	568
321	571
321	802
321	1841
321	107
321	604
321	428
321	572
321	431
321	769
321	1324
321	624
321	1844
321	576
321	577
321	579
321	586
321	591
321	592
321	631
321	634
321	2071
321	1837
321	2100
321	2044
321	2083
321	1328
321	1759
321	987
321	1652
321	2072
321	963
321	2073
321	2085
321	2101
321	1992
321	1963
321	2102
321	2033
321	2037
321	2103
321	1886
321	2060
322	494
323	333
323	345
323	755
323	733
323	636
323	368
323	1371
323	1394
323	1408
323	1441
323	391
323	2104
324	337
324	507
324	1327
325	335
325	445
325	2105
325	111
325	577
325	2106
325	729
325	1378
325	963
325	2053
325	2077
325	2107
325	2108
325	1873
326	339
326	348
326	424
326	803
326	603
326	604
326	425
326	572
326	2001
326	615
326	634
326	365
326	2019
326	882
326	1947
326	2002
326	2086
327	96
327	443
327	2105
327	604
327	808
327	2109
328	347
328	350
328	458
328	2110
328	939
328	1327
328	579
328	584
328	1019
328	941
328	2111
328	2112
328	1616
328	2113
328	2114
328	2115
329	881
330	337
330	568
330	604
330	808
330	869
330	634
330	743
330	1661
331	337
331	1558
331	808
331	360
331	624
331	576
331	757
331	1362
331	764
332	771
332	1363
332	372
332	2116
333	359
334	355
334	356
334	490
334	491
334	1795
334	111
334	2117
334	2118
335	732
335	882
335	2119
336	566
336	349
336	420
336	448
336	458
336	1308
336	616
336	1309
336	1857
336	1318
337	341
337	344
337	347
337	387
337	835
337	421
337	353
337	424
337	485
337	429
337	612
337	1857
337	755
337	733
337	854
337	809
337	2038
337	368
337	1651
337	764
337	370
337	1377
337	1848
337	2076
337	1388
337	1390
337	1318
337	766
337	391
337	2120
337	376
338	422
338	568
338	1533
338	371
338	373
338	391
339	340
339	342
339	494
339	424
339	808
339	2082
339	1844
339	580
339	585
339	593
339	2044
339	1538
339	2121
339	2033
339	2122
339	2123
339	2124
339	2125
339	2126
339	2127
339	2128
339	2129
339	2130
340	2101
341	344
341	1256
342	347
342	599
342	496
342	577
342	582
342	584
342	1328
342	1650
342	963
342	1697
342	1698
342	1872
342	2033
342	2131
343	348
343	352
343	456
343	604
343	507
343	577
344	751
344	1868
344	2015
344	2132
344	1879
344	2133
344	2134
344	2135
345	762
345	2136
345	2137
346	1741
346	1374
346	1409
347	350
347	601
347	1841
347	1376
347	1899
347	1538
347	898
348	424
348	803
348	1644
348	616
348	582
348	1947
409	918
543	1321
386	389
386	2138
94	388
94	891
94	544
94	2139
94	2140
2141	2142
2141	2143
2141	2144
2141	2145
2146	2147
2148	513
387	765
387	2149
2150	541
2150	1305
2150	2151
2150	1310
2150	2152
2150	2153
2150	2139
2150	2154
2150	2155
2150	2156
2150	2157
2150	2158
2150	2159
2150	709
2150	2160
2150	2161
1004	814
1004	2043
1004	775
1004	1850
1004	2162
1004	2163
1004	2164
1004	2165
1004	1008
1336	605
1336	1792
1336	1338
1336	807
2166	1063
463	465
463	471
463	478
1951	510
1951	2167
1712	1716
1712	842
992	2168
992	1604
992	1660
537	1576
537	68
537	1290
538	68
538	69
1576	68
1576	2169
95	2170
539	2171
96	1841
96	1633
540	2172
2173	2174
993	2175
780	1999
98	1288
98	1143
388	560
2176	2177
541	2154
541	69
1017	358
1017	1020
1017	1825
1017	1021
1017	1961
1017	373
1017	1962
1017	1967
1017	1969
1017	2178
1195	1148
1195	2179
1195	1149
1195	1755
994	1139
556	1178
556	889
556	107
556	1582
556	1585
556	1909
556	2180
556	1760
556	1939
556	2181
556	2182
556	2183
995	875
2184	2185
2184	2186
2184	2187
99	891
99	1999
1178	68
1235	1063
1577	805
2188	1832
2188	1175
2188	1176
2188	2189
100	68
100	841
100	637
100	1817
464	471
464	2190
494	423
494	568
494	802
494	602
494	1841
494	604
494	605
494	2191
494	635
494	1300
494	2019
494	1691
494	1652
494	1994
494	516
494	2192
494	2193
494	2194
2195	1685
782	1683
782	784
782	2196
782	841
782	1732
782	2197
782	2198
782	740
782	2199
782	790
782	793
782	2200
782	1688
782	2201
782	2202
782	2203
782	2204
566	606
566	895
566	2205
566	1560
639	2206
2030	2207
349	598
349	1362
2208	1685
2208	2209
2208	2199
2208	2210
2208	2211
2208	2200
2208	1690
2208	2212
2208	2213
442	567
442	443
442	2214
442	755
442	434
442	1301
442	2066
442	1662
442	2215
442	2216
888	786
888	795
888	2201
1679	416
1683	1757
1683	785
1683	2209
1683	786
1683	740
1683	790
1683	2217
1683	795
1683	1686
1683	2218
1683	2219
1683	1688
1683	2220
1683	2221
1683	2222
1683	2223
1683	2224
1683	2225
567	1560
2226	2227
2228	2229
747	457
747	2230
1061	510
1061	2231
1532	2232
1532	432
1532	2233
1532	2234
1532	2235
889	68
889	69
1211	510
996	805
996	937
996	1165
996	1167
2236	2237
2236	2238
2236	2239
2236	2240
1052	504
1052	655
1052	1014
1052	895
1052	1264
1052	673
1052	960
1052	1015
1052	1743
1052	1246
1052	411
1052	1748
1052	2241
1052	2242
1052	1284
2009	1938
813	2243
2244	2245
2244	2246
2244	2247
2248	1088
1798	842
1798	1329
1656	608
1656	1992
1656	1884
2249	2250
2249	1832
2249	1176
2249	2251
1642	568
1642	1324
2252	1175
2252	2189
2252	2253
1791	2029
1791	609
1791	1792
1791	2052
1791	807
1791	1534
1791	1793
1322	68
2254	1684
2254	786
2254	2199
2254	1768
2254	2218
2254	2255
1767	558
1767	1685
1767	2256
1767	2257
1767	1686
1767	2258
1201	1057
1201	954
1201	1051
350	1326
350	1636
350	1360
350	1637
350	366
350	1369
350	810
350	1288
350	2111
350	2259
350	2260
2261	2262
1713	1836
1713	1715
1713	1716
1713	1717
1713	2263
1713	2264
1713	1721
1713	1724
1713	2265
1713	2266
1713	2267
1713	2268
1713	2269
1713	2270
890	2271
598	447
598	603
598	574
598	612
598	1872
1627	373
1627	1975
1627	2272
835	422
835	357
835	755
835	1360
835	2023
835	1533
835	759
835	432
835	1380
835	2074
835	1848
835	2273
835	2274
835	2275
835	2276
835	1390
835	1868
835	1410
835	1416
835	2277
835	2278
835	1875
835	1908
835	2279
835	2280
835	2281
835	2282
835	2283
835	2284
68	891
68	2285
68	102
68	105
68	841
68	893
68	560
68	1594
68	2180
68	997
68	1759
68	1603
68	1821
68	1180
68	900
68	1826
68	2175
68	2286
891	1918
1179	2287
640	2288
1558	424
1558	1643
1558	606
1558	357
1558	359
1558	360
1558	1359
1337	605
1337	728
2062	2289
2062	2290
2062	2291
415	2292
415	2293
2294	637
948	558
948	2043
948	1063
2295	2296
420	458
2297	1733
2298	2299
2298	758
2298	1632
2300	2301
558	2302
558	652
558	951
558	1014
558	1732
558	2043
558	1086
558	562
558	895
558	1261
558	1262
558	662
558	2303
558	1053
558	663
558	2304
558	1204
558	957
558	702
558	703
558	1036
558	1147
558	2305
558	2306
558	1040
558	1926
558	1986
558	2307
558	2308
558	1115
558	2309
558	1269
558	1073
558	2310
558	2311
558	2312
558	2313
558	2314
558	2315
558	2316
558	2317
558	2318
558	2319
558	2320
1343	636
1343	2321
599	602
599	364
599	2048
599	2047
2322	2323
1668	465
1668	468
1668	473
1668	477
1668	478
1668	479
1668	481
1668	2324
1668	1751
465	466
465	468
465	470
465	471
465	473
465	477
465	2324
465	1669
465	1670
465	1749
465	2325
351	454
466	467
466	469
466	470
466	471
466	472
466	482
2326	1670
467	469
467	472
467	2327
468	475
468	478
468	481
468	2324
468	1674
468	2328
468	2329
469	471
469	472
469	474
469	478
469	480
469	484
470	473
470	2330
471	472
471	474
471	2331
471	2332
472	476
473	481
473	1670
473	2333
443	1649
444	1344
444	505
444	1025
444	2334
444	1365
444	1375
444	2335
444	2336
444	2321
444	766
444	1411
444	1427
444	391
444	2337
444	2054
444	2338
444	2339
444	2340
352	448
352	2021
352	872
352	367
352	369
352	1534
352	2022
421	762
422	353
422	357
422	1309
422	1360
422	757
422	1649
422	759
422	368
422	777
422	1848
422	2341
422	372
422	1392
422	374
353	426
353	360
353	853
353	1353
353	771
353	1533
353	636
353	759
353	1366
353	1368
353	434
353	2342
446	606
446	617
446	582
447	582
447	583
447	584
447	2343
448	369
449	2196
450	1652
450	2344
451	1327
423	1841
423	493
423	1877
454	606
454	1330
454	1639
454	1947
455	2344
456	867
456	607
457	1161
457	748
457	2345
424	603
424	428
424	429
424	607
424	615
424	582
424	592
424	1947
458	2019
458	816
458	881
458	1318
459	2346
475	1749
475	1751
477	1670
477	2330
477	2347
477	2348
478	479
478	1749
478	1751
481	482
481	2190
481	2349
481	2350
482	2332
735	542
735	2232
735	739
735	432
735	2351
735	2352
735	2353
735	2354
730	872
730	732
730	1372
730	1536
601	568
601	1324
601	1645
601	577
601	631
601	2355
601	365
601	1650
601	1538
568	426
568	1360
568	810
568	2356
867	1841
867	881
867	1302
867	989
1757	893
1757	795
1757	1158
1757	2257
1757	1603
1757	2357
1757	1690
1757	2358
1757	2359
1757	2360
1757	2361
1172	2048
1172	1925
2362	2363
646	2364
410	2365
410	2366
410	1733
569	2367
569	802
569	365
569	1990
1730	806
1730	1005
1730	2368
651	661
570	1422
570	2002
1579	1660
1579	2369
1579	2370
2367	802
2371	2372
2371	979
2371	516
2105	608
571	765
802	1990
2373	2374
542	1714
542	2264
542	2375
542	1721
542	1722
542	1723
602	2376
803	572
803	869
803	1634
803	1659
803	2377
1841	1691
1841	1376
1841	1877
1657	770
1657	371
1657	1427
1657	1466
603	1795
603	596
1202	715
1202	1205
714	510
714	955
714	934
714	717
714	512
714	1218
714	2378
714	1039
714	1222
714	1050
714	2379
714	2380
1062	1063
1078	715
1078	1033
1078	922
1078	935
1078	1218
1078	2231
1078	1197
1078	1044
917	1218
917	1044
1212	934
1212	1227
1213	510
1213	716
1213	934
1094	934
1094	1044
1094	1273
1057	1086
1057	1063
1057	663
1057	934
1057	1264
1057	717
1057	1266
1057	1267
1057	1044
1057	1274
1057	2316
715	1030
715	950
715	1033
715	920
715	510
715	895
715	1261
715	1079
715	934
715	1204
715	512
715	1218
715	1783
715	1220
715	936
715	1049
715	1050
715	1082
715	1154
715	1225
715	1226
715	1953
715	1275
715	1276
715	1230
715	2381
715	1245
715	2382
715	2383
715	1280
715	2384
715	1282
715	2385
715	2386
2387	1039
1030	1197
1030	1044
485	1407
355	356
355	489
355	490
355	604
355	2233
486	488
486	604
486	577
486	2233
487	635
356	488
356	490
356	493
356	604
356	1636
356	2233
488	493
488	1635
493	1859
493	2388
2389	2390
725	2391
725	1954
101	2067
103	110
108	1795
108	743
108	1369
108	1329
108	1925
110	2067
110	2392
2393	1473
2393	2394
2395	2396
2142	2144
2142	2145
2142	2397
618	1909
1758	1660
2143	2398
2143	2399
1959	1960
1959	358
1959	869
1959	1825
1959	1021
1959	1022
1643	495
1643	498
1643	1856
1643	579
804	605
811	2400
811	1992
811	2401
811	2032
604	431
604	576
604	365
604	963
604	1655
604	2402
2403	2404
2403	370
2403	2405
2403	1394
2099	1795
2099	1327
2099	1360
2099	2113
2099	2024
2099	2025
605	609
605	1792
605	622
605	1338
605	807
605	1339
605	2406
605	2407
2021	613
2021	1019
2151	2408
784	794
784	2409
808	426
808	573
606	1327
606	582
606	873
606	1559
606	1330
606	1639
606	2102
606	2033
502	1090
1675	1581
426	2043
426	367
426	1372
427	741
427	2121
427	2410
428	769
428	870
428	631
428	634
429	1795
429	624
429	615
357	610
357	771
357	1360
357	1533
357	759
357	1651
357	432
357	1380
357	1848
357	963
357	898
357	2411
728	1795
728	360
728	616
728	1924
728	596
572	2081
572	1996
572	2377
572	2194
2412	2413
1581	2414
1170	1063
950	1063
1215	1031
1108	58
2302	1952
2415	461
1539	2416
1539	2417
2418	2419
2418	1832
2418	1175
1258	512
652	1036
1582	1622
1583	1660
1583	2370
1984	2420
504	895
504	661
504	1952
836	1471
836	871
836	824
836	1356
836	1184
836	825
836	969
836	1472
836	2421
836	1185
836	1824
836	1473
836	860
836	861
836	837
836	1186
836	1477
836	976
836	1628
836	830
836	1481
836	1187
836	2422
836	1188
836	977
836	831
836	978
836	1489
836	1491
836	864
836	983
836	984
836	1191
836	2423
836	2273
836	1496
836	1192
836	2424
836	2013
836	1504
836	1506
836	1511
836	1516
836	1525
836	2425
836	2426
1739	2427
1914	1960
1914	1021
1914	2428
1914	1962
2429	2430
2429	2431
2432	1091
654	510
2433	1625
2433	2434
505	1366
505	2336
505	766
1306	2435
823	2436
823	2437
823	2438
823	1184
823	755
823	1359
823	825
823	969
823	757
823	1472
823	844
823	2421
823	971
823	973
823	1824
823	1473
823	860
823	861
823	2439
823	1186
823	1477
823	1478
823	976
823	2440
823	830
823	1481
823	1187
823	1483
823	977
823	1485
823	831
823	2441
823	862
823	833
823	979
823	980
823	1488
823	981
823	2442
823	1489
823	1490
823	2443
823	1492
823	984
823	1493
823	1494
823	1191
823	2444
823	1502
823	1503
823	1507
823	1509
823	1510
823	1511
823	1512
823	1516
823	1518
823	1526
823	2425
823	2445
823	2446
823	2447
823	2448
823	2449
823	2450
823	2451
823	2452
823	2453
2454	392
2196	1173
1829	2455
1829	2456
1829	1175
1088	997
1088	2457
1088	2458
1088	2459
1088	2460
1088	2461
1088	2462
2463	2464
1644	577
2465	1816
1090	1015
1585	1617
951	58
1091	1858
637	2466
1196	1173
495	498
431	497
431	582
431	1637
431	2033
497	987
497	2085
893	1685
893	1142
893	2467
1588	1592
1588	2468
2469	2470
1590	2370
2471	1817
2471	1818
655	1063
655	1956
655	1151
545	2472
545	2473
560	2419
2474	2475
2476	2477
2478	2479
769	593
769	2060
2480	2481
2480	2482
550	1368
550	2483
550	1963
390	2484
390	2485
2486	2487
2486	2488
2489	2490
814	111
656	1307
2110	868
2110	2491
2110	2114
2110	2492
2493	2494
2493	2495
2029	1792
358	614
358	1020
358	1825
358	2496
358	2497
1014	1609
1732	1086
1732	661
1732	1760
1732	1075
1732	1617
1732	2242
359	368
359	765
359	370
359	373
359	374
869	577
869	1312
869	2498
2081	575
2499	1143
2499	59
1173	2500
1173	2501
1173	2502
1173	2503
2504	1288
2505	2506
2505	2507
2505	2508
507	2509
507	1741
507	1315
507	2510
507	2511
507	2512
507	2513
507	2514
1772	2090
1772	1168
1772	1941
805	2515
805	2516
805	1162
805	1163
805	1165
805	1169
805	2091
805	1801
805	1941
805	2517
805	2490
805	2518
805	1943
805	1974
805	2519
2481	2520
2481	2482
1544	1313
2191	1877
1795	1327
1795	2024
1031	895
1031	954
1031	512
1031	1222
2521	2522
2523	1685
2523	2524
2523	793
2523	1686
658	1796
509	512
509	1275
509	1280
1592	2525
1592	1660
1592	2526
1592	2370
1592	2527
1592	2528
1592	2529
1086	895
1086	1147
1086	1926
1086	1073
1086	1228
1086	1827
2455	2530
2455	2531
2455	1073
2455	1832
2455	1175
2455	2532
2455	2253
2455	2533
2455	2534
1470	1471
1470	860
1470	864
1470	1189
1032	895
1032	935
1032	1222
1032	1206
1032	1273
1032	1778
1033	510
1033	954
1033	2535
1033	1074
1033	1271
1033	1273
1033	1275
1033	1276
1033	1125
1033	2381
1033	1280
1033	1750
1784	2198
1784	2536
659	704
2537	1999
1593	2464
1593	1604
1110	562
1110	960
111	1025
111	613
111	853
111	739
111	743
111	854
111	367
111	368
111	1301
111	376
2538	2539
2538	1720
1545	1313
1545	1549
1025	360
1025	1325
1025	432
1025	371
1025	1380
1025	2278
1025	2449
2372	1785
607	615
607	1992
607	2540
2334	2337
498	741
498	2083
498	2073
498	1796
1146	1754
1146	2179
1146	1150
1146	2541
1754	2542
1754	2179
1754	2543
1754	1150
1754	1742
1754	1755
1754	1747
1754	2544
1754	2545
1350	370
360	1300
360	367
360	1022
360	1399
2546	2547
1324	586
1324	590
2088	1163
2088	937
2088	1024
1325	1256
1325	1360
1325	1533
1325	1649
1325	1368
1325	1373
1325	370
1325	861
1325	372
1325	1392
561	763
562	1063
562	1158
562	1015
562	1149
562	1143
1307	1373
1307	1314
1307	2548
1307	1467
1307	1881
1307	2549
1695	1647
1695	377
2550	608
624	577
624	365
1645	1992
1645	2033
608	2214
870	1288
609	1327
609	807
609	1652
2551	1389
2551	1412
1635	432
1635	1186
1635	2076
1635	2336
1635	2119
574	761
1471	871
1471	860
1471	1478
1471	976
1471	840
1471	864
1471	1189
1471	1507
1471	1511
871	969
871	757
871	1185
871	971
871	860
871	837
871	1474
871	976
871	1193
871	838
871	839
871	840
871	978
871	1194
871	982
871	864
871	1189
871	855
871	2552
871	1526
361	733
361	2012
2232	2351
2530	2419
610	1533
610	1467
611	368
611	764
611	2553
614	939
614	2554
614	2555
614	1661
616	777
616	807
616	1339
616	1318
616	1633
616	2080
617	1327
617	1328
617	882
617	1804
617	1925
853	825
853	1533
853	1847
853	1387
894	1314
2556	2557
2558	2559
1830	1832
1799	2560
785	1685
785	740
785	1768
785	2561
785	2562
785	2563
2515	2524
2515	793
2515	1166
2515	2095
2564	2565
2566	1310
2566	2411
2567	2568
939	727
939	1329
939	1616
1658	1360
1658	741
1658	1399
1658	1467
1658	2569
2570	1063
510	716
510	660
510	1216
510	953
510	1063
510	895
510	1034
510	1261
510	662
510	934
510	717
510	2535
510	1037
510	1066
510	1197
510	1221
510	1044
510	1046
510	1050
510	1154
510	1237
510	1734
510	1952
510	1271
510	1272
510	1275
510	1276
510	2379
510	1278
510	1680
510	1987
510	1232
510	2384
510	2571
510	2572
510	2573
510	2574
510	1253
716	934
660	1237
1216	1063
2575	2576
2245	2246
2245	2247
1684	789
1684	790
1684	2217
1684	795
1684	796
1684	2256
1684	2357
1684	2577
1684	2562
1684	2578
2579	970
2579	848
1327	630
1327	810
1327	2056
1327	2580
2581	2582
2581	2583
1856	577
1856	582
1856	2019
770	2584
1309	432
1857	1318
1733	1921
1733	2585
1733	2586
2587	2588
2587	2589
1259	2590
2591	2592
2591	2593
1256	1374
1256	1878
1256	2594
1256	2595
1256	2596
2117	2119
1858	1300
1858	2052
1858	2597
2026	1966
1851	1852
1647	1848
1647	461
2082	2574
1945	1161
1945	2049
1945	1948
362	2428
1915	1315
872	1377
872	377
872	1662
577	634
578	2598
579	1372
579	514
579	2599
581	2600
582	587
582	2019
582	2601
582	2602
582	1422
582	2603
582	2604
582	1882
583	584
586	590
586	373
590	1873
592	631
592	633
592	2605
592	2059
594	771
1019	2606
1019	1420
2607	1825
2509	2510
2509	2608
1787	1788
630	2019
631	634
631	2071
631	1919
635	2609
635	1312
635	2540
2610	2055
2610	2611
1063	895
1063	1261
1063	1053
1063	1111
1063	673
1063	703
1063	2612
1063	1065
1063	2613
1063	958
1063	1153
1063	2614
1063	2615
1063	1099
1063	2616
1063	2311
1063	2617
1063	1083
1063	1084
1063	1160
1063	1121
1063	1144
1063	2618
1063	2619
1063	2620
1063	1171
1063	2621
1063	2314
1063	2622
1063	2623
1063	2624
1063	2625
1063	2626
1063	2627
1063	2628
1063	2629
1063	2630
1063	2631
1063	2632
1063	2633
1063	2634
1063	2635
1636	364
1636	1855
1636	1859
1636	898
1792	807
1792	1534
1792	2636
1161	2637
1354	1373
1354	1375
2638	2639
1876	1533
1775	2640
1775	2641
1715	1720
1715	1721
1715	1724
1716	1717
895	661
895	717
895	1036
895	1071
895	1072
895	1953
895	2379
895	1743
895	2642
1034	1044
1261	512
2020	2045
2020	1517
842	2355
842	941
842	1892
363	1864
1866	1020
1866	765
843	844
843	973
843	974
843	827
843	977
843	2643
843	983
843	1874
824	1649
824	371
824	827
824	861
824	391
2644	863
2437	860
2437	861
2437	839
2437	1189
2230	2327
2230	2645
2230	2646
2327	2647
2648	1125
2438	1486
1184	973
1184	827
1184	860
1184	861
1184	837
1184	1193
1184	838
1184	839
1184	1488
1184	1194
1184	1189
2404	850
661	663
661	1264
661	2181
2649	1288
1096	1159
1096	2242
1096	2650
2197	790
2197	796
2197	2651
2197	1686
2197	2200
2197	2652
2640	1777
2640	2653
1685	790
1685	791
1685	2524
1685	796
1685	2257
1685	2654
1685	2651
1685	2655
1685	2357
1685	2219
1685	2258
1685	1689
1685	1690
1685	900
1685	2656
1685	2657
1685	2562
1685	2358
1685	2658
1685	2563
1685	2204
1685	2224
1685	2659
1685	2359
1685	2360
1685	2660
1685	2661
1685	2662
1685	2663
1685	2664
1685	2665
1685	2666
1685	2667
1685	2668
1685	2669
1685	2670
1685	2671
1685	2672
1685	2673
1685	2674
1685	2675
2676	2657
2676	2677
2676	2678
662	717
2679	2680
1064	1264
1064	1082
1064	1743
1064	2681
954	1204
954	717
954	1266
954	1044
954	1227
2542	1755
2542	2682
955	934
955	2683
955	1044
1035	1204
1035	1015
663	1264
663	1039
663	2684
663	2242
1111	1015
1111	2685
956	1274
1217	717
1217	1044
1217	1273
1217	1274
2686	2687
934	1218
934	1220
934	1207
934	1778
922	1147
922	2688
922	1155
1204	1038
1357	1848
2071	880
1100	1956
1100	1007
1100	1132
1100	1135
1100	1143
1546	1547
1546	2689
2690	1015
2690	2691
771	759
771	434
847	1632
847	1452
847	2692
2693	2694
2695	1822
1837	1980
1837	1982
1837	1983
1837	2696
1837	2697
1837	2698
1837	2699
1547	1313
1547	1549
1547	2700
1162	1163
1162	1165
1162	1169
2701	2243
2701	2702
1264	1067
1264	1763
1264	2703
1097	717
1097	1046
1718	1722
1718	2704
2705	2706
2705	2707
717	1036
717	1147
717	1783
717	1038
717	1080
717	1085
717	1205
717	2708
717	2590
935	1066
935	1206
935	1229
2263	2375
2531	1831
2531	2456
2531	2250
2531	1073
2531	1832
2531	1175
2531	2709
2531	2710
2531	2711
2531	2189
2531	2251
2531	2253
2531	2712
2531	2713
2531	2714
2531	2715
2531	2716
736	786
736	2199
736	2651
736	2717
736	2718
736	2719
2209	786
2209	2218
2209	2720
2209	1688
2209	2721
2209	2221
2209	2722
1163	1166
1163	2093
1163	2518
2723	2724
2723	2725
2723	2726
1598	2028
666	2727
681	896
683	704
686	2728
688	2729
691	796
696	1374
697	704
698	896
701	2729
706	786
2730	1339
1036	1039
1036	1953
1147	1039
1147	1269
1147	1075
1147	1274
1147	1743
1147	1231
2645	2731
2732	2562
1831	1175
1265	1044
937	2089
937	944
937	1941
937	2733
937	2149
1148	2734
1148	1150
1148	1742
1148	1151
1148	1755
2735	2736
1956	2737
1956	2738
1956	1131
1956	112
1956	1133
1956	1134
1956	1135
1956	1102
1956	1136
1956	1137
1956	1138
1956	1103
1956	1140
1956	1141
1956	1142
1956	1143
1956	2739
1956	2467
1956	2740
1956	2741
1956	2742
1956	2743
1956	2642
1956	2744
1956	2745
1956	2746
1956	2747
1956	2748
1956	2749
1956	2750
2737	1132
2737	112
2737	1134
2737	1102
2737	1103
2737	1143
2737	2751
2737	2752
786	740
786	790
786	795
786	2753
786	2754
786	2201
786	2755
786	2756
2757	2758
2089	1874
2089	1024
2609	2540
2609	2759
1218	1985
1218	1197
1218	1222
1218	1233
2378	1205
1266	2760
2761	2762
2456	1832
2456	2253
2456	2714
2250	1832
2250	1176
2250	2763
1311	764
1311	2402
755	1533
755	733
755	369
755	764
755	376
755	1662
1359	1533
1864	1865
1541	902
2106	2764
1020	1825
1020	373
1020	1962
1854	2048
1854	1638
772	433
772	2765
825	1185
825	971
825	827
825	860
825	861
825	976
825	838
825	840
825	1496
825	1502
2198	2766
2198	2767
2198	2536
2198	2768
2769	1473
940	729
940	1329
940	1925
940	2259
1300	2274
1300	2770
1360	1368
1360	1651
1360	432
1360	1848
1360	1449
1360	1466
1360	2771
756	1903
1946	1925
969	860
969	861
969	1193
969	1183
969	2772
757	977
757	979
2345	2773
1164	2112
749	2774
740	2775
740	788
740	792
740	1686
740	2211
740	2218
740	2357
740	2776
740	2736
740	2777
740	2677
740	2213
740	2222
740	2778
740	2779
741	873
741	1796
743	1366
744	2605
744	372
744	2780
744	2781
744	2132
744	1794
744	2782
744	2783
744	2784
745	1632
2023	2340
1648	809
1648	371
1648	2785
1533	1632
1533	636
1533	759
1533	1368
1533	432
1533	1847
1533	1380
1533	434
1533	1868
1533	1446
1533	1465
1533	1639
1637	2049
1055	1158
873	1372
751	2051
1559	1652
1559	2102
1559	2033
1362	2136
731	732
731	765
731	2786
731	2787
731	2788
733	1366
733	765
733	766
733	1421
1632	1649
1632	371
1632	391
636	2336
636	1427
364	2789
364	2790
364	2791
364	2792
874	810
1363	1649
1363	2038
2793	2794
1365	764
1365	1391
1365	1411
1365	2795
826	827
826	837
826	855
826	1523
1741	1409
1741	2511
1472	827
1472	860
1472	861
1472	1187
1472	838
1472	864
1472	2424
1472	1523
366	367
366	373
854	759
854	1368
854	2335
854	2341
854	1392
854	1316
854	1403
854	1416
854	1849
854	2796
2605	1925
2605	2797
367	369
367	2022
2798	877
2798	2799
1649	371
1649	2075
1649	1446
759	370
759	1848
759	434
1182	973
1182	1189
2800	1535
2800	1654
2051	2059
970	752
970	829
970	2422
970	979
970	981
970	1191
970	2102
2706	2801
2706	1603
2706	2707
752	2802
752	974
752	975
752	2102
1845	1780
844	850
844	2102
844	2770
2801	2803
2802	861
2802	837
2802	1189
2802	2102
2061	2122
2061	2804
1366	2336
1366	391
1366	2054
2805	861
760	2806
1888	373
2038	1380
2038	1022
2038	1390
2038	1465
1800	2807
1367	2808
1367	2809
368	1846
368	432
368	371
368	2341
368	1022
368	1418
368	1442
2803	2810
1185	827
1185	860
1185	861
1185	837
1185	1474
1185	1475
1185	1478
1185	976
1185	1482
1185	977
1185	839
1185	840
1185	864
1185	855
1185	1729
1185	1183
1185	2811
1846	1022
1846	1418
1846	884
850	2087
850	2794
971	861
971	828
971	976
971	1187
971	2422
971	1188
971	977
971	979
971	2812
971	863
971	1192
971	1497
971	1526
971	375
971	2813
1165	2517
1803	846
1803	1892
1368	2814
1369	763
762	806
762	1373
762	2015
762	2815
806	777
2205	2816
2817	2405
2817	2087
2817	2794
2083	1796
2083	2102
1328	1884
1650	369
1650	1386
1650	1464
1650	1535
1859	596
973	2045
973	828
973	830
973	977
973	838
973	840
973	980
973	2443
973	1504
973	1515
973	1526
974	432
974	1190
2045	828
2045	976
2045	1189
2045	1511
2045	1515
1824	860
1824	976
1824	1194
1824	1189
1824	2013
1824	1506
1824	1511
1825	373
1825	1962
1825	1967
1825	1969
369	2818
1599	1607
2774	2394
1371	391
1371	2337
1372	2819
2820	790
2821	1686
2821	2822
2199	2823
1373	1377
1691	1904
2775	2219
788	793
789	2256
789	2201
790	2524
790	2217
790	2357
790	2824
790	2258
790	2200
790	2754
790	2825
791	2524
2524	793
2524	795
2524	2257
2524	2654
2524	2651
2524	1686
2524	2200
2524	2561
2524	2721
2524	2826
2524	2827
2524	2224
2524	2828
2524	2829
1095	2257
1095	2721
2734	2543
2734	2830
2734	411
2217	2257
2217	1686
1374	2139
432	371
432	1848
432	1868
432	391
432	898
432	1662
763	1329
433	391
2491	370
2491	2114
729	2259
729	2831
729	2832
2833	1314
2834	461
2835	2836
2835	2637
2835	2837
2835	2838
1375	2839
1375	1390
815	777
815	1411
793	2651
793	2840
793	2841
793	2842
2843	2844
2845	2846
2845	2847
2845	2202
2845	2848
2845	2849
2845	2850
2048	1638
2851	2852
370	1868
370	1394
370	1416
370	2357
370	2107
2853	1198
2853	2854
2853	2855
2853	2856
2857	2384
1924	2858
794	2721
795	1131
795	2467
795	2258
795	2200
795	2754
796	1768
796	1686
796	2721
796	2859
796	2860
798	2861
800	1688
800	2201
2862	2863
1313	1548
1313	1549
1313	1551
1313	1556
1313	2864
1313	2865
2525	1660
2525	2866
1560	2052
1560	1804
2867	2868
2027	2869
2052	1462
2052	2770
1473	860
1473	840
1473	978
1473	864
1473	855
1473	1496
1473	1501
1473	2870
2871	1414
816	2085
371	1394
2582	2583
2582	2872
2873	1847
2873	2874
2873	2785
848	2643
848	1415
848	2875
2876	2275
857	2877
857	2878
827	860
827	861
827	828
827	976
827	1481
827	2422
827	977
827	1485
827	838
827	979
827	1492
827	2424
827	1503
2335	2321
2335	1411
2335	1421
860	861
860	837
860	976
860	1481
860	1187
860	2879
860	1486
860	838
860	839
860	1488
860	1489
860	1490
860	864
860	1189
860	1494
860	1495
860	1496
860	1192
860	2444
860	1499
860	1502
860	1504
860	1505
860	1506
860	1507
860	1510
860	2880
860	1511
860	2870
860	1517
860	1518
860	1522
860	2881
861	1474
861	2439
861	828
861	1476
861	1477
861	976
861	1628
861	830
861	1187
861	1188
861	1483
861	977
861	1485
861	831
861	838
861	832
861	978
861	833
861	979
861	1491
861	2643
861	984
861	1191
861	1495
861	1496
861	1192
861	2424
861	1390
861	1499
861	1509
861	1513
861	1514
861	1525
861	2882
861	1183
837	1474
837	976
837	830
837	2422
837	1482
837	1483
837	838
837	839
837	840
837	983
837	1192
837	1497
837	1430
837	1729
837	1517
837	1183
1474	976
1474	838
1474	840
1474	864
1474	2013
2256	1686
2256	2219
2256	2577
2256	2200
2256	2720
2256	1690
2256	2220
2256	2883
2256	2562
2256	2884
2256	2885
2256	2886
828	838
828	1189
1475	1482
1477	976
1477	840
1477	1189
1477	855
1478	976
1478	1193
976	1482
976	1188
976	1483
976	977
976	831
976	1486
976	1193
976	838
976	839
976	840
976	978
976	1194
976	2812
976	864
976	1189
976	855
976	2013
976	1502
976	1507
976	1511
976	1729
976	1523
976	1183
1479	838
1479	864
1628	855
830	2875
1481	838
1481	840
1481	1189
2887	1413
1187	840
1187	864
1187	855
2422	979
2422	981
2422	2102
776	2193
2888	377
2889	1288
2890	2891
2892	2893
1482	839
1482	1489
1482	864
1482	1729
1188	838
1188	839
1188	840
1188	864
1188	1183
1483	864
977	1189
1484	840
1485	838
1485	839
1485	864
1485	1189
1485	855
831	1193
831	840
1486	838
1486	839
1486	1487
1486	1488
1486	1489
1486	1189
1486	855
1486	1499
1486	1515
1486	1729
1486	2894
1193	2895
1193	1488
1193	864
1193	1189
1193	984
1193	2896
1193	1192
1193	1514
1193	1729
1193	1527
2897	2898
1768	2827
1768	2823
838	1488
838	1489
838	1189
838	2899
838	2013
838	1502
838	1507
838	1508
838	1509
838	1729
839	978
839	979
839	2812
839	864
839	1497
839	2013
839	1729
839	1519
839	2811
840	978
840	2441
840	1489
840	1491
840	864
840	1493
840	1495
840	1496
840	1192
840	2424
840	1497
840	1499
840	1501
840	1502
840	1504
840	1505
840	1506
840	2880
840	1513
840	1516
840	1520
840	2426
807	1793
1759	1999
978	1194
978	864
978	1494
978	1511
978	2900
978	2811
978	2901
1860	1535
1860	2902
1720	2903
846	1999
846	1776
846	2641
862	1189
1487	1194
833	864
833	2904
1999	1610
1999	1762
1999	2905
2405	2087
2405	2794
2087	2794
2506	1530
979	1189
980	2906
1488	1194
1488	864
1488	1189
1488	855
1488	1515
1488	1729
1194	1189
1194	1506
1194	1729
1194	1517
1194	899
982	1489
982	1189
1489	864
1489	1189
1489	1515
1489	1183
1491	864
1491	1523
1491	899
2907	1189
864	1189
864	984
864	1494
864	1496
864	1501
864	1502
864	1504
864	1511
864	2014
864	1523
1189	1506
1189	2552
1189	2446
1189	899
1189	2908
2588	2909
2910	2762
855	2423
855	1509
855	1511
855	1519
855	1523
855	1525
2074	374
2074	391
2472	2473
2911	2912
1874	1329
434	1662
876	1877
879	2913
881	2073
881	1566
882	1992
2229	2914
1998	2915
1998	2847
1998	2849
1998	2916
1240	1220
1220	1273
1080	1044
1080	1736
2917	1227
1039	1952
1040	2918
1113	1275
2231	1952
2231	2919
1066	1205
2920	2921
2920	2922
1205	1273
1197	1050
1197	1273
2923	2924
2419	2925
2846	2926
2846	2849
1602	1817
1602	1840
944	945
2927	1994
2927	2928
2243	2929
1329	1821
1329	2076
1329	1616
1329	2930
1329	2164
1329	2931
2932	1015
1067	1015
1158	2691
2933	2912
2933	2934
2933	2935
2915	2847
2915	2202
2915	2936
2915	2937
2915	2848
2915	2916
2915	2850
2915	2938
2915	2939
2915	2940
2915	2941
2915	2942
2915	2943
2915	2944
2915	2945
986	1992
986	2946
1314	2947
1006	2948
1007	112
1007	1103
1007	1104
1007	2949
2257	1686
2257	2950
2257	2219
2257	2951
2257	2952
2257	2578
2257	2953
2257	2954
2257	2955
897	2956
2957	1222
2958	2959
2958	2960
2958	2961
1221	1681
1603	1938
1603	1142
1603	1660
2961	2962
1222	1153
1222	2688
2341	1421
2341	1662
2684	2963
1068	1736
2964	2691
1821	1826
2965	2966
2967	1721
1667	1660
1001	1288
1153	1044
1021	373
1021	391
1022	1535
1634	2055
1634	2388
960	2242
1015	1048
1015	1092
1015	2619
1015	1246
1015	1763
1015	2642
1015	2968
2275	2375
1817	1089
1817	1620
1817	1840
1817	2969
1817	2970
1817	2971
2153	1913
2972	1952
2972	461
2972	1284
2766	2767
2973	2974
1044	1206
1044	1071
1044	1225
1044	1243
1044	1778
1044	1249
1652	1565
1652	1566
1652	2102
1206	1276
1206	1281
1114	1814
1024	1167
1024	2975
1024	2097
1604	2976
1288	2977
1288	1702
1288	1704
1288	1705
1288	1707
1288	1708
1288	2978
1288	2408
1288	2286
1288	2979
1288	2980
1288	2981
1288	2527
1288	2982
1288	2983
1288	2984
1288	2818
1288	2985
1288	2986
1288	2987
1288	2988
1288	2989
1288	2990
1288	2991
1288	2992
1288	2993
1288	2994
1288	2995
1288	2996
1288	2997
1288	2998
1288	2999
1288	3000
1288	3001
1288	3002
1288	3003
1288	3004
1288	3005
1288	3006
1288	3007
1288	3008
1288	3009
1288	3010
1288	3011
1288	3012
1288	3013
1288	3014
1288	3015
1288	3016
1288	3017
1288	3018
1288	3019
1288	3020
3021	3022
2602	1613
2602	2819
2602	2115
2602	3023
2602	3024
1952	1225
1073	1955
1073	1176
1073	2533
1073	2714
1075	1736
1076	1743
2654	3025
2654	2776
2654	2578
2179	2543
2179	1150
2179	1742
2179	1151
2179	1157
2179	1747
2543	1227
2543	1157
2543	1747
1131	1132
1131	1143
1131	1608
1131	3026
1131	3027
1131	3028
1131	3029
2688	1155
2688	3030
2688	3031
1607	3032
3033	2286
3033	3015
1149	1151
3034	1225
3035	2181
1225	1272
1225	1232
1225	2703
2606	3036
1155	3030
1155	3031
1274	3037
1132	1143
1132	1104
1132	1958
1132	3038
1132	3039
1843	1890
2847	2937
2847	2849
2847	2916
2847	2850
2847	2940
1227	2830
1119	3040
112	1101
112	1103
112	1143
112	1104
112	2752
1548	1549
1548	1551
1548	1556
1548	3041
1101	1958
1101	3042
1133	3039
1133	3043
1134	1143
1150	1742
1150	1157
1150	1747
1150	1756
1150	3044
1742	1151
1742	1755
1742	1747
1742	3045
1135	1136
1135	1143
1135	2313
1136	1143
1138	1608
1138	3046
1139	1957
1139	1958
1103	2742
1140	2752
1142	3047
1143	2742
1143	3048
1151	1747
1151	3049
1755	3050
3051	3052
3053	3054
2379	3055
3056	3057
3056	3058
3056	3059
2758	3060
3047	1958
2479	3061
3030	3031
2381	2384
1743	2380
3062	3063
3062	3064
1832	1176
1832	2532
1832	2251
1832	2533
1832	3065
1832	2925
1832	3066
1832	2714
1832	2763
1832	3067
1832	3068
1832	3069
3070	3071
2383	1208
2619	3072
2619	3073
2619	3074
2619	3075
1156	3076
1156	3077
1156	3078
1157	3044
1157	3079
2840	1686
2840	2219
3080	3081
1166	2094
1166	2490
1166	2518
1167	1801
1167	2093
1167	2490
1167	2095
1167	1802
2753	2823
1721	1724
1721	2268
1721	3082
1723	3083
2741	2313
1180	1826
1339	1633
1339	3084
1339	2636
1339	3085
2622	2241
3057	3058
3057	3086
3057	3059
1804	1564
1389	1412
1175	2711
1175	2189
1175	2980
1175	2763
1175	3087
1175	3088
1176	2251
1176	2533
1176	2925
1549	3089
3090	3091
3090	3092
3090	3093
3094	3095
1497	2013
1497	1506
1390	391
3096	1688
1198	3097
1198	2855
1198	3098
1198	3099
3100	3101
373	2054
373	2272
3102	3060
1686	2357
1686	2577
1686	2258
1686	1690
1686	3103
1686	2883
1686	2562
1686	3104
1686	2578
1686	2884
1686	2222
1686	3105
1686	3106
1686	3107
1686	3108
1686	3109
2709	2189
2709	2533
2709	3068
2013	1504
2013	1506
3110	3111
3110	3112
3110	3113
3110	3114
3110	3115
3116	3117
3118	1918
2111	3119
1302	1877
3120	3121
3120	3122
3120	3123
3120	3124
1868	391
3125	1922
2112	2495
2548	1913
2548	2572
1394	376
2073	1796
2073	1566
1317	3126
1317	3127
3128	461
3129	3130
1331	2428
1499	1523
1502	1507
1402	3131
1411	3132
1412	3133
1415	1440
1418	1849
1427	3134
1428	391
1435	2388
1453	1883
1511	2552
1511	1729
2014	1518
1729	1183
1516	1523
1516	2451
1520	1183
3135	3041
2031	1992
1535	1654
1535	2042
1536	1561
3136	3137
2639	3138
2639	3139
2639	3140
2639	2704
2639	2921
2639	3141
2639	3142
2639	3143
1561	1563
1561	3144
1561	3145
1561	3146
1563	3146
1566	1992
1566	2946
2218	2827
2218	2859
2357	3147
2357	2861
2219	2220
2219	2358
2219	2678
2219	2885
2577	2827
2258	2578
2258	2953
2200	2754
2200	2826
2353	3148
1613	2819
1613	2115
2028	2069
2028	3149
3150	2059
3151	3152
3151	2762
3058	3059
3152	2762
3152	3153
3152	3154
898	3155
898	3156
1633	2340
1466	3157
1466	3158
2400	1992
596	1877
2144	2397
1660	2370
1660	2702
1660	3159
1660	3160
1660	3161
1660	3162
1660	3163
1660	3164
1883	1467
461	376
461	3165
461	2041
461	3166
461	2131
461	3167
461	3168
1992	2032
1992	2946
1992	2036
1992	2079
2510	2511
2510	2513
2092	2975
2049	3169
2049	3170
1670	2190
1670	2328
1671	1673
1671	2330
3171	69
3172	2909
3172	2589
2909	3173
2909	3174
3175	2253
3175	3176
3177	3178
3155	3179
2066	1662
1687	3180
1688	2754
1688	2221
1688	3181
1688	2222
1688	3105
1688	2955
377	1696
377	3182
3054	3183
1699	2912
3184	1862
1697	1698
2767	2768
3185	3186
3187	3188
2721	2827
3189	2177
2145	3190
3191	3192
1704	2991
1747	3050
2425	2449
2975	2095
2975	2097
3193	3194
2201	3195
2201	2855
2201	3098
2201	3196
2201	3197
2201	3198
1761	3199
3200	2185
3200	2186
3200	2496
899	2900
1962	3201
1942	1944
2093	2490
2733	1944
2095	3202
3203	3204
1933	1936
1776	1777
1776	2641
1776	3205
1777	2653
1708	2980
3206	3207
3208	3209
3210	3211
1913	1937
2409	3212
2154	2155
2154	3213
2202	2937
2202	2848
2202	2849
2202	2916
2202	2940
2202	2944
2155	3214
2155	2156
2155	3215
2155	2593
2155	3216
2155	3217
2155	3218
2155	3219
1884	2035
1823	2956
2532	2533
3220	3221
1877	2771
1877	3222
2055	2611
2055	3223
1996	2033
1996	2059
1878	2595
3224	3225
1880	1881
3226	3227
3228	3229
2113	2024
2711	2713
2711	2763
1332	3230
1902	3231
1902	3232
1290	2140
3233	3234
1980	1981
1980	1982
1980	1983
1980	2696
1980	2697
1980	2698
516	3235
516	3236
1918	3237
2096	2636
2401	3238
989	3239
3026	3240
1948	3241
1948	3242
1948	3243
1948	3244
1949	3245
2826	2657
2826	2563
2826	3246
3247	3248
1872	2109
3178	3249
3250	3251
1981	1982
1982	1983
1982	2697
1982	2699
3252	3253
3252	3254
3252	3255
3252	3256
3257	2050
2069	3149
2449	3258
2449	2279
2449	2178
2449	3259
2449	3260
1879	2133
1879	2134
2133	2134
2185	2186
2185	2496
2004	2005
2220	2358
2598	3261
2024	3262
2259	2832
3263	2119
3263	2388
3138	901
3264	3265
2875	3266
3267	3268
3267	3269
2050	3270
3271	3272
3271	3273
3271	3274
3275	2765
3276	3277
2611	3223
2059	2118
3278	3279
2819	2115
2819	3024
2569	3280
2084	3281
3282	2411
3282	2608
2098	3283
2119	3284
2124	2129
2124	2130
2126	2130
2127	3285
2831	2832
2140	69
3286	3287
2156	3219
2163	2164
2163	1008
2164	1008
2338	3288
3289	2823
2183	3290
2183	3291
2736	2936
2736	3292
2736	3293
2736	3294
2736	2861
2736	3295
2736	3296
2736	3297
2736	3298
2827	3299
2825	2756
2641	3300
2641	2653
2358	3105
2358	2662
2358	3106
2578	2828
2578	3301
3302	3303
2186	2187
2186	2496
2406	3156
3304	3305
3306	3307
3308	2823
3309	3310
3311	3312
2237	2238
2237	2239
2238	2239
2238	2240
2239	2240
2246	2247
2189	2253
2189	3313
3314	3315
3314	3316
3314	3317
3314	3318
3314	3319
2251	2533
2251	2763
2251	3068
2255	3320
2253	2533
2253	3176
2253	2714
2253	3321
2926	3322
2286	2980
2286	3015
2286	3019
2980	3008
2290	2291
2533	3066
2533	3068
2533	3313
2533	3323
2520	2482
3324	3325
2592	2593
2592	69
3326	2626
3327	3328
3097	2855
3097	3329
3097	3194
3330	3331
3332	3333
3332	3334
3332	3335
3332	3336
3140	2922
2936	2944
3337	3338
3339	3340
3215	69
3341	3089
3341	3342
3341	3343
3341	3344
3341	3345
3341	3346
3341	3347
3341	3348
3341	3349
3350	3351
2435	3352
2557	3268
2457	2460
2460	3353
3354	3355
2470	3356
3357	3358
3359	3292
3360	2759
2981	2687
2519	3245
3089	3343
3089	3345
3089	3346
3089	3348
2762	3361
2762	3154
2762	3362
2762	3363
2762	3364
2762	3365
2528	3366
2528	3367
2528	3368
2982	2983
3369	3370
3371	2912
3371	3372
3371	3373
3374	3281
3374	3375
2921	2922
2921	3376
2921	3377
3176	3068
3292	3294
3292	3296
3293	3294
2589	3378
2595	2596
2593	3379
3380	3381
2925	2763
3382	3322
3382	3198
2646	3383
2646	3384
3385	3386
2650	3387
3388	3098
3041	3389
3041	3390
3041	3391
3041	3392
3041	3393
3041	3394
3041	3395
3041	3396
3153	3362
2713	3397
2714	2763
2714	2715
3398	3399
2724	3400
2937	2848
2937	2849
2790	2792
3401	3402
2799	3403
2807	3404
3405	3406
2854	2855
2854	3098
2837	3407
2848	2849
2848	2916
2848	2850
2848	2940
2848	2944
2849	2916
2849	2850
2849	2940
2849	2944
2855	3098
2855	3329
2855	3408
3098	3408
3098	3409
3410	3411
3412	3413
2893	3414
2912	3372
2912	3373
2912	3415
2912	3416
2912	3417
2912	3418
2912	3419
2912	3420
2912	3421
2912	3422
2912	3423
2916	2940
2916	2944
3268	3424
3425	3426
2850	2940
2940	2944
2935	3372
2935	3415
3427	3428
3429	3430
3121	3122
3122	3123
3122	3124
3431	3432
3433	3434
3433	3435
3436	3437
3436	3320
3438	3439
3440	3243
3243	3244
3272	3274
3273	3274
3441	3442
3383	3384
3443	3444
3445	3444
3446	3447
3333	3336
3448	3449
3364	3365
3372	3419
3372	3450
3373	3417
3373	3422
3373	3451
3452	3453
3452	3454
3455	3456
3457	3458
3459	3460
3459	3461
2715	3462
3403	3463
3415	3450
3419	3451
3464	3465
3434	3435
3466	3467
3437	3320
3320	3468
3320	3469
3320	3470
3320	3471
3320	3472
3320	3473
3320	3474
3320	3475
3320	3476
3320	3477
3320	3478
3320	3479
3320	3480
3320	3481
3320	3482
3320	3483
1291	3484
1291	1292
1291	3485
3484	1292
3486	3487
3488	3489
3489	3490
3489	3491
3489	3492
2011	3493
2011	3494
2011	3495
1233	3496
