8	9	10	11	12	13	14	15	16
330	331	332	333	334	522	523
352	353	354	355	356	357
400	401	402	403	404	405
423	424	425	426	489	490
427	428	429	552	553	554
536	537	538	539	540	541	542
546	547	548	549	550	551
24	25	248	249	250	251	252
210	211	212	213	498	499	500
192	193	197	253	254	255	256	257	258	259	260
135	136	137	138	139	145
156	157	158	342	343	344	345	346	347	348	349	350	351	370
93	238	239	240	241	242	243
121	122	123	124	125	324	325	326	458
38	166	463	464	465	466	515	516	517	518	519	520	521
359	360	361	362	363	364
418	419	420	421	462	480
192	194	197	261	262	263	379	380	381	382	383	384	385	386	387
69	70	71	72	73	74
