8	9	10	11	12	13	14	15	16
330	331	332	333	334	522	523
352	353	354	355	356	357
400	401	402	403	404	405
423	424	425	426	489	490
427	428	429	552	553	554
536	537	538	539	540	541	542
546	547	548	549	550	551
24	25	26	248	249	250	251	252
97	98	99	210	211	212	213	271	272	273	498	499	500
1	4	28	29	30	31	32	33	34	35	36	37	38	40	41	42	43	44	45	46	48	50	51	52	54	56	59	60	61	62	63	64	65	68	87	92	93	94	95	96	109	110	111	112	114	115	116	117	118	119	120	128	135	138	139	140	141	142	144	145	152	153	154	159	161	162	163	164	165	167	169	171	172	173	174	175	176	178	180	181	183	184	188	189	190	191	192	193	194	195	196	197	214	215	216	217	219	220	221	222	224	227	233	234	235	236	238	239	240	241	242	243	244	245	247	253	254	255	256	257	258	259	260	261	262	263	274	275	290	291	293	303	304	305	306	309	313	314	329	339	358	365	366	371	372	379	380	381	382	383	384	385	386	388	389	393	398	399	406	407	408	435	436	437	438	448	451	452	453	454	455	456	468	469	470	471	472	473	474	478	479	482	483	485	486	487	488	494	495	505	506	507	508	509	510	511	514	530	531	533	534
109	110	135	136	137	138	139	145	214	215	216	217	219	220	221
156	157	158	342	343	344	345	346	347	348	349	350	351	369	370
31	34	92	93	94	95	96	192	193	195	196	238	239	240	241	242	243	253	254	255	256	257	258	259	260	303	469
121	122	123	124	125	324	325	326	458	459	461
1	2	4	17	19	21	22	23	28	29	30	31	32	33	34	35	36	37	38	40	41	42	43	44	45	46	47	48	49	50	51	52	53	54	55	56	57	58	59	60	61	62	63	64	65	66	67	68	87	94	102	103	104	109	110	111	112	114	115	116	117	118	119	120	126	127	128	129	130	131	132	133	134	135	138	139	140	141	142	144	145	151	152	153	154	159	160	161	162	163	164	165	166	167	168	169	170	171	172	173	174	175	176	177	178	179	180	181	182	183	184	185	186	188	189	190	191	192	195	196	197	201	202	214	215	216	217	219	220	221	222	224	225	226	227	228	233	234	235	236	244	245	246	247	274	275	277	290	291	293	304	305	306	309	312	313	314	315	316	317	318	329	335	336	337	338	339	340	341	358	359	360	361	362	363	364	365	366	371	372	375	376	377	388	389	390	391	392	393	394	396	397	398	399	406	407	408	422	435	436	438	448	449	450	451	452	453	454	455	456	463	464	465	466	468	469	470	471	472	473	474	478	479	482	483	485	486	487	488	501	502	503	505	506	507	508	509	510	511	514	515	516	517	518	519	520	521	530	531	533	534	535	545
1	2	4	21	22	23	28	29	30	31	32	33	34	35	36	37	38	40	41	42	43	44	45	46	47	48	49	50	51	52	53	54	55	56	57	58	59	60	61	62	63	64	65	66	67	68	82	83	84	87	94	102	103	104	109	128	129	140	141	142	144	151	152	159	161	162	163	164	165	167	169	171	172	173	174	175	176	177	178	180	181	183	184	186	188	189	190	191	222	223	224	225	226	227	228	233	234	235	236	274	275	277	290	291	293	309	312	313	314	339	340	341	359	360	361	362	363	364	365	366	371	372	375	388	389	393	398	399	406	407	408	422	448	449	450	454	455	456	469	501	502	503	505	514	531	533	534
146	147	148	149	418	419	420	421	462	480	481
1	4	28	29	30	31	32	33	34	35	36	37	38	40	41	42	43	44	45	46	48	50	51	52	54	56	59	60	61	62	63	64	65	68	87	93	94	109	110	111	112	114	115	116	117	118	119	120	128	135	138	139	140	141	142	144	145	152	153	154	159	161	162	163	164	165	167	169	171	172	173	174	175	176	178	180	181	183	184	188	189	190	191	192	193	194	195	196	197	214	215	216	217	219	220	221	222	224	227	233	234	235	236	238	241	243	244	245	247	253	254	255	256	257	258	259	260	261	262	263	274	275	290	291	293	304	305	306	309	313	314	329	339	358	365	366	371	372	379	380	381	382	383	384	385	386	387	388	389	393	398	399	406	407	408	435	436	437	438	448	451	452	453	454	455	456	468	469	470	471	472	473	474	478	479	482	483	485	486	487	488	494	495	505	506	507	508	509	510	511	514	530	531	533	534
69	70	71	72	73	74	295
