8	9	10	11	12	13	14	15	16
330	331	332	333	334	522	523
352	353	354	355	356	357
400	401	402	403	404	405
423	424	425	426	489	490
427	428	429	552	553	554
536	537	538	539	540	541	542
546	547	548	549	550	551
24	25	248	249	250	251	252
210	211	212	213	498	499	500
193	253	254	255	256	257	258	259	260
135	136	137	138	139	143	145	215	216	217	218	219	220
156	157	158	342	343	344	345	346	347	348	349	350	351	370
238	239	240	241	242	243
121	122	123	124	125	324	325	326	458	459	460	461
30	33	38	40	42	46	67	159	163	166	173	175	176	178	180	182	184	186	187	189	309	389	392	408	463	464	465	466	505	515	516	517	518	519	520	521
53	57	58	65	223	359	360	361	362	363	364	422	449
148	418	419	420	421	462	480	481
194	261	262	263	379	380	381	382	383	384	385	386	387	494	495
69	70	71	72	73	74	295
