8	9	10	11	12	13	14	15	16
330	331	332	333	334	522	523
352	353	354	355	356	357
400	401	402	403	404	405
423	424	425	426	489	490
427	428	429	552	553	554
536	537	538	539	540	541	542
546	547	548	549	550	551
24	25	26	248	249	250	251	252
98	210	211	212	213	498	499	500
29	30	31	33	44	93	192	193	194	197	238	239	241	242	243	245	253	254	255	256	257	258	259	260	263	304	407	436	454	468	470	472	474	506	509	510
135	136	137	138	139	145
156	157	158	342	343	344	345	346	347	348	349	350	351	369	370
92	93	96	193	238	239	240	241	242	243	253	254	257	258	259
121	122	123	124	125	324	325	326	458	461
29	30	31	33	38	44	48	51	52	54	55	56	57	58	59	61	63	64	66	68	109	111	117	134	159	160	162	163	164	166	170	174	177	178	179	180	181	182	183	184	185	186	188	189	190	191	304	315	338	339	340	341	372	376	377	388	389	391	407	454	463	464	465	466	501	502	503	515	516	517	518	519	520	521	535	545
48	52	54	55	56	57	58	59	64	66	68	223	339	341	359	360	361	362	363	364	449	501	502	503
146	147	148	149	418	419	420	421	462	480	481
29	30	31	33	44	192	193	194	197	245	253	254	257	258	259	261	262	263	304	379	380	381	382	383	384	385	386	387	407	436	454	468	470	472	474	494	495	506	509	510
69	70	71	72	73	74	295
