8	9	10	11	12	13	14	15	16
330	331	332	333	334	522	523
352	353	354	355	356	357
400	401	402	403	404	405
423	424	425	426	489	490
427	428	429	552	553	554
536	537	538	539	540	541	542
546	547	548	549	550	551
24	25	26	248	249	250	251	252
97	98	99	210	211	212	213	271	272	273	296	498	499	500
2	4	18	21	22	29	30	31	32	33	34	35	36	37	40	41	42	43	44	46	47	48	50	52	54	55	56	58	59	60	62	63	65	66	68	75	82	83	84	92	93	94	95	96	103	104	105	107	108	111	128	129	130	131	132	134	140	141	142	143	144	151	152	153	155	159	161	163	164	165	166	167	169	171	174	175	176	177	180	181	182	183	184	185	192	193	194	195	196	197	201	202	215	216	218	221	223	225	226	227	229	231	232	238	239	240	241	242	243	245	253	254	255	256	257	258	259	260	261	262	263	264	269	270	274	275	277	290	291	292	293	301	302	303	304	307	308	311	312	313	314	358	359	364	365	366	375	378	380	382	387	391	393	398	407	408	433	435	436	437	440	441	449	450	451	453	465	466	468	471	472	473	474	475	477	486	487	488	491	496	501	502	504	506	507	508	509	510	511	514	528
1	2	3	4	5	6	7	18	21	22	27	29	30	31	32	33	34	35	36	37	40	41	42	43	44	46	47	48	50	52	54	55	56	58	59	60	62	63	65	66	68	75	81	82	83	84	103	104	105	107	108	109	110	111	113	114	115	116	117	118	120	128	129	130	131	132	134	135	136	137	138	139	140	141	142	143	144	145	151	152	153	154	155	159	161	163	164	165	166	167	169	171	174	175	176	177	180	181	182	183	184	185	197	201	202	214	215	216	217	218	219	220	221	222	223	225	226	227	229	231	232	244	245	246	247	264	269	270	275	290	291	292	293	301	302	304	305	306	307	308	311	312	313	314	358	359	360	361	362	363	364	365	366	375	378	391	393	398	407	408	422	433	435	436	437	440	441	449	450	451	453	465	466	468	471	472	473	474	475	476	477	478	486	487	488	491	496	497	501	502	504	506	507	508	509	510	511	514	528
156	157	158	342	343	344	345	346	347	348	349	350	351	369	370
2	4	18	21	22	29	30	31	32	33	34	35	36	37	40	41	42	43	44	46	47	48	50	52	54	55	56	58	59	60	62	63	65	66	68	75	82	83	84	92	93	94	95	96	103	104	105	107	108	111	128	129	130	131	132	134	140	141	142	143	144	151	152	153	155	159	161	163	164	165	166	167	169	171	174	175	176	177	180	181	182	183	184	185	192	193	194	195	196	197	201	202	215	216	218	221	223	225	226	227	229	231	232	238	239	240	241	242	243	245	253	254	255	256	257	258	259	260	261	262	263	264	269	270	274	275	277	290	291	292	293	301	302	303	304	307	308	311	312	313	314	358	359	364	365	366	375	378	380	382	387	391	393	398	407	408	433	435	436	437	440	441	449	450	451	453	465	466	468	471	472	473	474	475	477	486	487	488	491	496	501	502	504	506	507	508	509	510	511	514	528
121	122	123	124	125	324	325	326	458	459	460	461
1	2	4	5	6	17	18	19	20	21	22	23	27	28	29	30	31	32	33	34	35	36	37	38	39	40	41	42	43	44	45	46	47	48	50	51	52	53	54	55	56	57	58	59	60	61	62	63	64	65	66	67	68	75	78	79	80	81	82	83	84	85	86	87	88	90	91	92	94	100	101	102	103	104	105	107	108	109	110	111	113	114	115	116	117	118	119	120	126	127	128	129	130	131	132	133	134	135	136	137	138	139	140	141	142	143	144	145	150	151	152	153	154	155	159	160	161	162	163	164	165	166	167	168	169	170	171	172	173	174	175	176	177	178	179	180	181	182	183	184	185	186	187	188	189	190	191	192	193	194	195	196	197	201	202	204	207	208	209	215	216	217	218	219	220	221	222	223	225	226	227	229	231	232	233	234	235	236	237	245	246	247	254	255	256	257	258	260	261	262	263	264	265	268	269	270	274	275	277	281	282	284	286	287	288	289	290	291	292	293	301	302	304	307	308	309	310	311	312	313	314	315	317	335	336	337	338	340	341	358	359	360	361	362	363	364	365	366	368	371	372	374	375	376	377	378	380	382	387	388	389	391	392	393	394	395	396	397	398	399	406	407	408	410	413	416	417	433	435	436	437	439	440	441	448	449	450	451	453	455	456	457	463	464	465	466	468	469	470	471	472	473	474	475	477	482	483	486	487	488	491	496	497	501	502	503	504	505	506	507	508	509	510	511	513	514	515	516	517	518	519	520	521	524	528	529	531	534	535	543	544	545
1	2	3	4	5	6	7	18	21	22	23	27	28	29	30	31	32	33	34	35	36	37	38	39	40	41	42	43	44	45	46	47	48	50	51	52	53	54	55	56	57	58	59	60	61	62	63	64	65	66	67	68	75	81	82	83	84	92	93	94	95	96	100	101	102	103	104	105	106	107	108	109	110	111	113	114	115	116	117	118	120	126	127	128	129	130	131	132	133	134	135	136	137	138	139	140	141	142	143	144	145	150	151	152	153	154	155	159	160	161	162	163	164	165	166	167	168	169	170	171	172	173	174	175	176	177	178	179	180	181	182	183	184	185	186	187	188	189	190	191	192	193	194	195	196	197	201	202	204	207	208	209	215	216	217	218	219	220	221	222	223	224	225	226	227	228	229	231	232	233	234	235	236	237	245	246	247	254	255	256	257	258	260	261	262	263	264	265	268	269	270	274	275	277	281	282	284	286	287	288	289	290	291	292	293	294	301	302	303	304	307	308	309	311	312	313	314	315	317	335	336	337	338	340	341	358	359	360	361	362	363	364	365	366	368	371	372	374	375	376	377	378	380	382	387	388	389	391	392	393	394	395	396	397	398	399	406	407	408	413	422	433	435	436	437	440	441	448	449	450	451	453	455	456	457	463	464	465	466	468	469	470	471	472	473	474	475	476	477	482	483	486	487	488	491	496	497	501	502	503	504	505	506	507	508	509	510	511	513	514	515	516	517	518	520	521	528	531	534	535	543	544	545
146	147	148	149	418	419	420	421	462	480	481
29	30	31	32	33	34	35	36	37	40	41	42	43	44	46	47	48	50	52	54	55	56	58	59	60	62	63	65	66	68	92	93	111	134	153	159	161	163	164	165	166	167	169	171	174	175	176	177	180	181	182	183	184	185	192	193	194	195	196	197	238	239	240	241	242	245	253	254	255	256	257	258	259	260	261	262	263	290	291	292	293	303	304	358	359	364	378	379	380	381	382	383	384	385	386	387	391	398	407	408	435	436	437	449	450	451	453	465	466	468	471	472	473	474	486	487	488	494	495	501	502	504	506	507	508	509	510	511	514
69	70	71	72	73	74	295
