8	9	10	11	12	13	14	15	16
330	331	332	333	334	522	523
352	353	354	355	356	357
400	401	402	403	404	405
423	424	425	426	489	490
427	428	429	552	553	554
536	537	538	539	540	541	542
546	547	548	549	550	551
24	25	26	248	249	250	251	252
97	98	99	210	211	212	213	272	498	499	500
28	29	30	31	32	33	35	37	40	43	44	45	92	93	96	109	110	111	114	116	117	118	120	153	161	163	165	173	192	193	194	197	214	217	221	238	239	240	241	242	243	245	247	253	254	255	256	257	258	259	260	261	262	263	303	304	305	358	371	382	384	389	399	406	407	408	435	436	437	453	454	468	469	470	471	472	473	474	478	479	482	483	485	486	487	506	507	508	509	510	531
135	136	137	138	139	145	214	217	221
156	157	158	342	343	344	345	346	347	348	349	350	351	369	370
92	93	96	193	238	239	240	241	242	243	253	254	255	256	257	258	259	260	303
121	122	123	124	125	324	325	326	458	461
22	28	29	30	31	32	33	35	37	38	40	43	44	45	47	48	50	51	52	53	54	55	56	57	58	59	61	63	64	66	67	68	109	110	111	114	116	117	118	119	120	128	134	153	159	160	161	162	163	164	165	166	168	169	170	171	173	174	176	177	178	179	180	181	182	183	184	185	186	188	189	190	191	197	214	217	221	245	246	247	304	305	315	317	318	337	338	339	340	341	358	361	364	371	372	376	377	388	389	391	392	399	406	407	408	436	449	450	453	454	463	464	465	466	468	469	470	471	473	474	478	479	482	483	485	486	487	501	502	503	507	508	509	515	516	517	518	519	520	521	531	534	535	545
32	33	35	37	40	43	44	47	48	50	52	53	54	55	56	57	58	59	63	64	66	67	68	140	161	163	165	173	222	223	224	225	339	340	341	359	360	361	362	363	364	389	399	407	449	450	454	501	502	503	533
146	147	148	149	418	419	420	421	462	480	481
28	29	30	31	32	33	35	37	40	43	44	45	109	110	111	114	116	117	118	120	153	161	163	165	173	192	193	194	197	214	217	221	245	247	253	254	255	256	257	258	259	260	261	262	263	304	305	358	371	379	380	381	382	383	384	385	386	387	389	399	406	407	408	435	436	437	453	454	468	469	470	471	472	473	474	478	479	482	483	485	486	487	494	495	506	507	508	509	510	531
69	70	71	72	73	74	295
