8	9	10	11	12	13	14	15	16
330	331	332	333	334	522	523
352	353	354	355	356	357
400	401	402	403	404	405
423	424	425	426	489	490
427	428	429	552	553	554
536	537	538	539	540	541	542
546	547	548	549	550	551
24	25	26	248	249	250	251	252
97	98	99	210	211	212	213	271	273	296	498	499	500
92	93	94	95	96	192	193	194	195	196	238	239	240	241	242	243	253	254	255	256	257	258	259	260	262	263	274	303
2	109	110	117	135	136	137	138	139	140	141	142	143	145	214	215	216	217	218	219	220	221	222	223	226	245	246	422	475	476	496	497
156	157	158	342	343	344	345	346	347	348	349	350	351	369	370
92	93	94	95	96	192	193	194	195	196	238	239	240	241	242	243	253	254	256	257	259	260	262	263	274	303
121	122	123	124	125	324	325	326	458	459	460	461
17	18	19	20	21	22	23	28	29	30	31	32	33	34	35	36	37	38	39	40	41	42	43	44	45	46	47	48	50	51	52	53	54	56	57	59	60	61	62	63	64	67	68	86	87	91	109	111	113	114	115	116	117	118	119	120	126	127	128	130	132	134	140	141	150	151	152	153	155	159	160	161	162	163	164	165	166	168	169	170	171	172	173	174	175	176	177	178	179	180	181	182	184	185	186	187	188	189	190	191	196	201	226	231	233	235	264	270	274	275	290	291	292	293	302	307	308	309	310	311	312	313	314	335	336	337	338	365	366	371	372	375	377	378	388	389	391	392	396	398	399	406	407	408	417	436	439	440	441	448	450	455	456	457	463	464	465	466	468	469	470	471	473	474	504	505	506	508	509	510	514	515	516	517	518	519	520	521	531	534	535	543	544	545
2	28	29	31	32	33	34	35	36	38	39	40	41	42	43	44	45	47	48	50	51	52	53	54	56	57	58	59	60	61	62	63	64	65	67	68	92	94	95	96	100	101	103	105	106	107	108	109	126	127	128	129	130	132	134	140	141	142	143	144	150	151	152	153	155	159	160	161	162	163	164	165	166	168	169	170	171	172	173	174	175	177	178	179	180	181	182	184	185	186	187	190	191	196	201	208	209	222	223	224	226	228	231	233	235	270	274	275	277	294	302	312	313	335	336	337	338	359	360	361	362	363	364	365	366	371	372	377	378	388	389	391	392	393	396	399	406	407	408	422	436	448	449	450	455	456	457	463	464	465	466	468	469	470	471	473	474	476	504	505	506	508	509	510	515	517	521	528	531	534	535	543	544	545
146	147	148	149	418	419	420	421	462	480	481
192	193	194	195	196	238	253	256	257	259	260	261	262	263	379	380	381	382	383	384	385	386	387	494	495
69	70	71	72	73	74	295
