8	9	10	11	12	13	14	15	16
330	331	332	333	334	522	523
352	353	354	355	356	357
400	401	402	403	404	405
423	424	425	426	489	490
427	428	429	552	553	554
536	537	538	539	540	541	542
546	547	548	549	550	551
24	25	26	248	249	250	251	252
97	98	99	210	211	212	213	272	498	499	500
29	30	31	32	33	35	37	40	44	45	92	93	96	109	110	111	120	192	193	194	197	217	238	239	240	241	242	243	245	247	253	254	255	256	257	258	259	260	261	262	263	303	304	305	358	399	406	407	408	435	436	437	453	454	468	469	470	471	472	473	474	478	482	483	487	506	507	508	509	510
135	136	137	138	139	145	217
156	157	158	342	343	344	345	346	347	348	349	350	351	369	370
92	93	96	193	238	239	240	241	242	243	253	254	255	256	257	258	259	303
121	122	123	124	125	324	325	326	458	461
28	29	30	31	32	33	35	37	38	40	44	45	47	48	51	52	53	54	55	56	57	58	59	61	63	64	66	67	68	109	110	111	114	116	117	118	119	120	134	159	160	162	163	164	166	169	170	171	173	174	177	178	179	180	181	182	183	184	185	186	188	189	190	191	217	245	246	247	304	305	315	317	337	338	339	340	341	358	364	372	376	377	388	389	391	392	399	406	407	408	436	449	450	453	454	463	464	465	466	468	469	470	471	473	478	482	483	487	501	502	503	507	508	515	516	517	518	519	520	521	534	535	545
32	35	37	40	47	48	52	53	54	55	56	57	58	59	63	64	66	67	68	140	222	223	224	225	339	340	341	359	360	361	362	363	364	399	449	450	501	502	503
146	147	148	149	418	419	420	421	462	480	481
29	30	31	32	33	35	37	40	44	45	109	110	111	120	192	193	194	197	217	245	247	253	254	255	256	257	258	259	261	262	263	304	305	358	379	380	381	382	383	384	385	386	387	399	406	407	408	435	436	437	453	454	468	469	470	471	472	473	474	478	482	483	487	494	495	506	507	508	509	510
69	70	71	72	73	74	295
