8	9	10	11	12	13	14	15	16
330	331	332	333	334	522	523
352	353	354	355	356	357
400	401	402	403	404	405
423	424	425	426	489	490
427	428	429	552	553	554
536	537	538	539	540	541	542
546	547	548	549	550	551
24	25	248	249	250	251	252
210	211	212	213	498	499	500
92	93	193	238	253	254	255	256	257	258	259	260
135	136	137	138	139	143	145	215	216	217	218	219	220	246	475
156	157	158	342	343	344	345	346	347	348	349	350	351	369	370
92	93	238	239	240	241	242	243
121	122	123	124	125	324	325	326	458	459	460	461
17	22	23	28	29	30	32	33	34	37	38	40	42	46	47	48	51	53	57	60	63	64	67	111	113	116	128	159	161	162	163	164	165	166	168	169	170	171	173	174	175	176	178	179	180	182	184	185	186	187	188	189	191	290	291	292	309	314	377	389	392	396	406	408	463	464	465	466	505	515	516	517	518	519	520	521
38	47	48	51	53	57	58	60	62	63	64	65	67	128	129	132	142	159	161	168	175	178	179	184	185	187	191	222	223	274	294	359	360	361	362	363	364	393	396	422	448	449
146	148	418	419	420	421	462	480	481
194	261	262	263	379	380	381	382	383	384	385	386	387	494	495
69	70	71	72	73	74	295
