8	9	10	11	12	13	14	15	16
330	331	332	333	334	522	523
352	353	354	355	356	357
400	401	402	403	404	405
423	424	425	426	489	490
427	428	429	552	553	554
536	537	538	539	540	541	542
546	547	548	549	550	551
24	25	26	248	249	250	251	252
97	98	99	210	211	212	213	271	272	273	296	498	499	500
0	1	2	3	4	5	6	7	17	18	19	21	22	23	27	28	29	30	31	32	33	34	35	36	37	38	39	40	41	42	43	44	45	46	47	48	49	50	51	52	53	54	55	56	58	59	60	61	62	63	64	65	66	67	68	75	76	79	81	82	83	85	86	87	88	89	90	91	92	93	94	95	96	100	102	103	104	105	106	107	108	109	110	111	112	113	114	115	116	117	118	119	120	127	128	129	131	132	133	134	135	136	137	138	139	140	141	142	143	144	145	151	152	153	154	155	159	160	161	162	163	164	165	166	167	168	169	170	171	172	173	174	175	176	177	178	179	180	181	182	183	184	185	186	187	188	189	190	191	192	193	194	195	196	197	201	202	207	214	215	216	217	218	219	220	221	222	223	224	225	226	227	228	233	234	235	236	237	238	239	240	241	242	243	244	245	246	247	253	254	255	256	257	258	259	260	261	262	263	264	265	267	269	270	274	275	276	277	278	279	280	282	287	288	290	291	292	293	294	297	298	299	300	302	303	304	305	306	307	309	312	313	314	315	317	318	327	328	329	335	336	337	338	339	340	341	358	360	361	362	363	365	366	371	372	374	377	378	379	380	381	382	383	384	385	386	387	388	389	392	393	396	398	399	406	407	408	409	410	411	412	422	431	433	434	435	436	437	438	448	451	452	453	454	455	456	457	463	464	468	469	470	471	472	473	474	475	476	478	479	482	483	485	486	487	488	491	494	495	496	497	501	502	503	504	505	506	507	508	509	510	511	514	515	516	518	519	528	530	531	533	534	535	545
0	1	2	3	5	6	7	28	30	31	32	34	36	37	39	44	46	109	110	113	114	115	116	117	118	119	120	135	136	137	138	139	140	141	142	143	145	162	164	192	196	197	214	215	216	217	218	219	220	221	223	224	225	228	244	245	246	247	291	304	305	306	358	399	422	436	451	452	468	470	471	472	473	474	475	476	496	497	507	508	509	510
156	157	158	342	343	344	345	346	347	348	349	350	351	369	370
0	1	2	3	5	6	7	18	21	22	23	28	30	31	32	33	34	35	36	37	38	39	41	42	44	46	48	50	51	52	59	67	75	76	79	89	92	93	94	95	96	100	102	103	104	108	110	114	116	128	129	131	132	133	134	139	140	141	142	143	144	151	152	159	160	161	162	163	164	165	166	167	168	169	170	171	173	174	175	176	177	178	179	180	181	182	183	184	185	186	187	188	189	190	191	192	193	194	195	196	197	201	202	214	215	216	217	218	221	223	224	225	226	228	234	235	237	238	239	240	241	242	243	244	245	253	254	255	256	257	258	259	260	261	262	270	274	275	276	277	290	291	292	293	303	304	305	306	312	314	315	317	318	335	336	337	338	358	361	362	365	372	374	378	379	380	381	382	383	384	385	386	387	388	389	392	393	396	398	399	406	407	408	410	422	435	436	437	438	448	451	452	453	454	457	463	464	468	469	470	471	472	473	474	475	476	482	483	485	486	487	488	491	494	497	504	505	506	507	508	509	510	514	515	516	518	519	530	531	534
121	122	123	124	125	324	325	326	458	459	460	461
0	1	2	3	4	5	6	7	17	18	19	20	21	22	23	27	28	29	30	31	32	33	34	35	36	37	38	39	40	41	42	43	44	45	46	47	48	49	50	51	52	53	54	55	56	57	58	59	60	61	62	63	64	65	66	67	68	75	76	79	81	82	83	85	86	87	88	89	90	91	92	93	94	96	100	102	103	104	105	106	107	108	109	110	111	112	113	114	115	116	117	118	119	120	126	127	128	129	130	131	132	133	134	135	136	137	138	139	140	141	142	143	144	145	151	152	153	154	155	159	160	161	162	163	164	165	166	167	168	169	170	171	172	173	174	175	176	177	178	179	180	181	182	183	184	185	186	187	188	189	190	191	192	194	195	196	197	201	202	207	214	215	216	217	218	219	220	221	222	223	224	225	226	227	228	233	234	235	236	237	244	245	246	247	261	262	264	265	267	269	270	274	275	276	277	278	279	280	282	287	288	290	291	292	293	294	297	298	299	300	302	304	305	306	307	309	312	313	314	315	316	317	318	327	328	329	335	336	337	338	339	340	341	358	359	360	361	362	363	364	365	366	371	372	373	374	375	376	377	378	379	380	381	382	383	384	385	386	387	388	389	390	391	392	393	394	395	396	397	398	399	406	407	408	409	410	411	412	413	414	415	416	417	422	431	433	434	435	436	437	438	439	448	449	450	451	452	453	454	455	456	457	463	464	465	466	468	469	470	471	472	473	474	475	476	478	479	482	483	485	486	487	488	491	494	496	497	501	502	503	504	505	506	507	508	509	510	511	514	515	516	517	518	519	520	521	524	526	527	528	530	531	533	534	535	543	544	545
0	1	2	3	4	5	6	7	17	18	19	21	22	23	27	28	29	30	31	32	33	34	35	36	37	38	39	40	41	42	43	44	45	46	47	48	49	50	51	52	53	54	55	56	57	58	59	60	61	62	63	64	65	66	67	68	75	76	79	81	82	83	84	85	86	87	88	89	90	91	92	93	94	96	100	102	103	104	105	106	107	108	109	110	113	114	115	116	117	118	119	120	127	128	129	131	132	133	134	139	140	141	142	143	144	151	152	153	154	155	159	160	161	162	163	164	165	166	167	168	169	170	171	172	173	174	175	176	177	178	179	180	181	182	183	184	185	186	187	188	189	190	191	192	196	197	201	202	207	214	215	216	217	218	220	221	222	223	224	225	226	227	228	233	234	235	236	237	244	245	246	247	264	265	267	269	270	274	275	276	277	278	279	280	282	287	288	290	291	292	293	294	297	298	299	300	302	304	305	306	307	309	312	313	314	315	317	318	335	336	337	338	339	340	341	358	359	360	361	362	363	364	365	366	371	372	374	375	377	378	388	389	392	393	396	398	399	406	407	408	409	410	411	412	422	431	433	434	435	436	437	438	448	449	450	451	452	453	454	455	456	457	463	464	468	469	470	471	472	473	474	475	476	482	483	485	486	487	488	491	496	497	501	502	503	504	505	506	507	508	509	510	514	515	516	518	519	524	526	527	528	530	531	533	534	535	543	544	545
146	147	148	149	418	419	420	421	462	480	481
0	1	2	3	4	5	6	7	17	18	19	21	22	23	27	28	29	30	31	32	33	34	35	36	37	38	39	40	41	42	43	44	45	46	47	48	49	50	51	52	53	54	55	56	58	59	60	61	62	63	64	65	66	67	68	75	76	79	81	82	83	85	86	87	88	89	90	91	92	93	94	96	100	102	103	104	105	106	107	108	109	110	111	112	113	114	115	116	117	118	119	120	127	128	129	131	132	133	134	135	136	137	138	139	140	141	142	143	144	145	151	152	153	154	155	159	160	161	162	163	164	165	166	167	168	169	170	171	172	173	174	175	176	177	178	179	180	181	182	183	184	185	186	187	188	189	190	191	192	193	194	195	196	197	201	202	207	214	215	216	217	218	219	220	221	222	223	224	225	226	227	228	233	234	235	236	237	238	239	240	241	242	243	244	245	246	247	253	254	255	256	257	258	259	260	261	262	263	264	265	267	269	270	274	275	276	277	278	279	280	282	287	288	290	291	292	293	294	297	298	299	300	302	303	304	305	306	307	309	312	313	314	315	317	318	327	328	329	335	336	337	338	339	340	341	358	360	361	362	363	365	366	371	372	374	377	378	379	380	381	382	383	384	385	386	387	388	389	392	393	396	398	399	406	407	408	409	410	411	412	422	431	433	434	435	436	437	438	448	451	452	453	454	455	456	457	463	464	468	469	470	471	472	473	474	475	476	478	479	482	483	485	486	487	488	491	494	495	496	497	501	502	503	504	505	506	507	508	509	510	511	514	515	516	518	519	528	530	531	533	534	535	545
69	70	71	72	73	74	295
